F 1850.0 1897.0 3.717551306747922
D C 364.851773 -287.908385 1415.409120 -461.601880 1742.811281 248.935915 1129.699457 565.364591 538.371700 591.241554 896.510601 1317.474342 
W C 1291.000000 1881.000000 383.000000 1458.000000 482.000000 682.000000 1191.000000 747.000000 1693.000000 1043.000000 1805.000000 190.000000 
F 1850.0 1897.0 3.717551306747922
D C 366.003138 -288.816939 1416.676745 -462.015286 1741.821328 248.794514 1129.862050 565.445962 540.604137 593.693224 897.555391 1319.009722 
W C 1291.000000 1881.000000 383.000000 1458.000000 482.000000 682.000000 1191.000000 747.000000 1693.000000 1043.000000 1805.000000 190.000000 
F 1850.0 1897.0 3.717551306747922
D C 366.238644 -289.002780 1418.155641 -462.497593 1741.821328 248.794514 1131.081501 566.056243 541.454589 594.627193 899.966446 1322.552907 
W C 1291.000000 1881.000000 383.000000 1458.000000 482.000000 682.000000 1191.000000 747.000000 1693.000000 1043.000000 1805.000000 190.000000 
F 1850.0 1897.0 3.717551306747922
D C 366.160142 -288.940833 1417.416193 -462.256439 1736.995310 248.105186 1129.536863 565.283220 540.497830 593.576477 896.832075 1317.946766 
W C 1291.000000 1881.000000 383.000000 1458.000000 482.000000 682.000000 1191.000000 747.000000 1693.000000 1043.000000 1805.000000 190.000000 
F 1850.0 1897.0 3.717551306747922
D C 365.087279 -288.094226 1419.423266 -462.910998 1739.841423 248.511713 1128.561302 564.794995 536.989715 589.723854 897.957234 1319.600253 
W C 1291.000000 1881.000000 383.000000 1458.000000 482.000000 682.000000 1191.000000 747.000000 1693.000000 1043.000000 1805.000000 190.000000 
F 1850.0 1897.0 3.717551306747922
D C 365.139614 -288.135524 1413.402046 -460.947321 1740.212656 248.564738 1129.943347 565.486647 538.159087 591.008062 896.510601 1317.474342 
W C 1291.000000 1881.000000 383.000000 1458.000000 482.000000 682.000000 1191.000000 747.000000 1693.000000 1043.000000 1805.000000 190.000000 
F 1850.0 1897.0 3.717551306747922
D C 364.747103 -287.825789 1418.472547 -462.600944 1734.891661 247.804709 1132.626139 566.829266 539.789120 592.798170 897.153549 1318.419191 
W C 1291.000000 1881.000000 383.000000 1458.000000 482.000000 682.000000 1191.000000 747.000000 1693.000000 1043.000000 1805.000000 190.000000 
F 1850.0 1897.0 3.717551306747922
D C 364.904108 -287.949683 1417.521828 -462.290890 1737.985263 248.246586 1131.894469 566.463097 540.675008 593.771054 897.475023 1318.891616 
W C 1291.000000 1881.000000 383.000000 1458.000000 482.000000 682.000000 1191.000000 747.000000 1693.000000 1043.000000 1805.000000 190.000000 
F 1850.0 1897.0 3.717551306747922
D C 365.244284 -288.218120 1416.571109 -461.980836 1739.841423 248.511713 1132.544843 566.788581 539.576507 592.564677 898.117971 1319.836465 
W C 1291.000000 1881.000000 383.000000 1458.000000 482.000000 682.000000 1191.000000 747.000000 1693.000000 1043.000000 1805.000000 190.000000 
F 1850.0 1897.0 3.717551306747922
D C 365.767631 -288.631099 1417.743863 -457.555898 1739.717679 248.494038 1129.943347 565.486647 539.470200 592.447931 897.153549 1318.419191 
W C 1291.000000 1881.000000 383.000000 1458.000000 482.000000 682.000000 1191.000000 747.000000 1693.000000 1043.000000 1805.000000 190.000000 
F 1850.0 1897.0 3.717551306747922
D C 364.066751 -287.288917 1419.000724 -462.773196 1738.975215 248.387987 1132.951326 566.992008 539.718249 592.720339 898.760919 1320.781314 
W C 1291.000000 1881.000000 383.000000 1458.000000 482.000000 682.000000 1191.000000 747.000000 1693.000000 1043.000000 1805.000000 190.000000 
F 1850.0 1897.0 3.717551306747922
D C 364.537764 -287.660598 1416.888016 -462.084187 1743.306257 249.006615 1132.544843 566.788581 539.115845 592.058777 896.912443 1318.064873 
W C 1291.000000 1881.000000 383.000000 1458.000000 482.000000 682.000000 1191.000000 747.000000 1693.000000 1043.000000 1805.000000 190.000000 
F 1850.0 1897.0 3.717551306747922
D C 365.008777 -288.032279 1423.014870 -464.082314 1741.821328 248.794514 1130.105940 565.568018 540.993927 594.121293 897.876865 1319.482147 
W C 1291.000000 1881.000000 383.000000 1458.000000 482.000000 682.000000 1191.000000 747.000000 1693.000000 1043.000000 1805.000000 190.000000 
F 1829.2185819968804 1883.5043893513625 3.717551306747922
D C 365.191949 -288.176822 1416.042932 -461.808583 1740.212656 248.564738 1131.162798 566.096929 539.434765 592.409016 896.832075 1317.946766 
W C 1291.000000 1881.000000 383.000000 1458.000000 482.000000 682.000000 1191.000000 747.000000 1693.000000 1043.000000 1805.000000 190.000000 
F 1792.0461864138354 1859.3643534023915 3.717551306747922
D C 352.208283 -286.806514 1402.944139 -457.536725 1715.534515 250.412761 1074.270361 550.046181 518.497945 594.578078 878.057323 1325.029132 
W C 1291.000000 1881.000000 383.000000 1458.000000 482.000000 682.000000 1191.000000 747.000000 1693.000000 1043.000000 1805.000000 190.000000 
F 1754.3684184692838 1835.0415589552322 3.715224640081255
D C 313.817848 -287.521720 1365.241587 -463.852323 1681.805461 240.222097 1048.795301 549.244164 488.856740 592.865923 846.875786 1321.561214 
W C 1291.000000 1881.000000 383.000000 1458.000000 482.000000 682.000000 1191.000000 747.000000 1693.000000 1043.000000 1805.000000 190.000000 
F 1716.553682761794 1810.6092810349746 3.715224640081255
D C 279.166297 -282.189777 1324.096849 -454.409005 1640.489912 244.601181 1000.709109 547.765829 445.307468 586.189459 
W C 1291.000000 1881.000000 383.000000 1458.000000 482.000000 682.000000 1191.000000 747.000000 1693.000000 1043.000000 
F 1716.553682761794 1810.6092810349746 3.715224640081255
D C 260.880549 -280.411019 1277.206324 -447.095343 1622.933988 241.983548 985.390693 543.316432 432.635355 584.256493 
W C 1291.000000 1881.000000 383.000000 1458.000000 482.000000 682.000000 1191.000000 747.000000 1693.000000 1043.000000 
F 1679.032084540409 1786.3664006179747 3.715224640081255
D C 216.492447 -276.980907 1229.146512 -443.012275 1564.323434 247.983149 932.970450 544.689131 379.484530 588.210414 
W C 1291.000000 1881.000000 383.000000 1458.000000 482.000000 682.000000 1191.000000 747.000000 1693.000000 1043.000000 
F 1641.4302119353908 1761.9264394150962 3.717551306747922
D C 187.879792 -278.871218 1197.837528 -440.050934 1532.859186 242.995303 902.067537 541.598425 348.568297 590.738033 
W C 1291.000000 1881.000000 383.000000 1458.000000 482.000000 682.000000 1191.000000 747.000000 1693.000000 1043.000000 
F 1603.7524439908393 1737.6036449679368 3.715224640081255
D C 155.641684 -276.237104 1169.498153 -441.898303 1500.516648 242.589753 873.295753 546.441112 318.782782 593.089635 
W C 1291.000000 1881.000000 383.000000 1458.000000 482.000000 682.000000 1191.000000 747.000000 1693.000000 1043.000000 
F 1566.1505713858212 1713.1636837650583 3.717551306747922
D C 124.798768 -274.143025 1131.128997 -439.339420 1465.962730 246.242816 832.856373 546.369380 280.438805 594.090356 
W C 1291.000000 1881.000000 383.000000 1458.000000 482.000000 682.000000 1191.000000 747.000000 1693.000000 1043.000000 
F 1566.1505713858212 1713.1636837650583 3.717551306747922
D C 113.066641 -277.180179 1117.528380 -438.007318 1443.366653 251.563055 818.050625 551.133182 264.340302 597.551374 
W C 1291.000000 1881.000000 383.000000 1458.000000 482.000000 682.000000 1191.000000 747.000000 1693.000000 1043.000000 
F 1528.4728034412697 1688.840889317899 3.715224640081255
D C 67.270132 -274.829181 1066.321075 -436.922550 1395.640954 247.659200 770.371475 546.968766 214.821353 601.807931 
W C 1291.000000 1881.000000 383.000000 1458.000000 482.000000 682.000000 1191.000000 747.000000 1693.000000 1043.000000 
F 1490.8709308362515 1664.4009281150204 3.717551306747922
D C 1026.649067 -435.456291 1364.668880 246.484100 735.591912 539.435422 184.178792 595.589215 
W C 383.000000 1458.000000 482.000000 682.000000 1191.000000 747.000000 1693.000000 1043.000000 
F 1490.8709308362515 1664.4009281150204 3.717551306747922
D C 997.061288 -433.777093 1324.929452 251.920078 698.164432 545.695832 146.030288 600.499088 
W C 383.000000 1458.000000 482.000000 682.000000 1191.000000 747.000000 1693.000000 1043.000000 
F 1453.1931628917 1640.078133667861 3.715224640081255
D C 958.193103 -434.466637 1292.666584 249.897304 666.416322 544.333463 474.700044 1317.064869 111.956560 603.833789 
W C 383.000000 1458.000000 482.000000 682.000000 1191.000000 747.000000 1805.000000 190.000000 1693.000000 1043.000000 
F 1415.591290286682 1615.6381724649825 3.717551306747922
D C -47.449152 -285.096970 925.092768 -422.884617 1257.178810 251.048680 631.481830 545.546468 438.514296 1317.143178 81.573985 604.016502 
W C 1291.000000 1881.000000 383.000000 1458.000000 482.000000 682.000000 1191.000000 747.000000 1805.000000 190.000000 1693.000000 1043.000000 
F 1377.9135223421304 1591.3153780178232 3.715224640081255
D C -78.615388 -288.357905 896.049665 -426.344409 1220.355666 251.491647 601.891086 546.345025 407.108742 1316.490210 48.041726 606.725954 
W C 1291.000000 1881.000000 383.000000 1458.000000 482.000000 682.000000 1191.000000 747.000000 1805.000000 190.000000 1693.000000 1043.000000 
F 1340.3116497371122 1566.8754168149446 3.717551306747922
D C 848.165498 -429.397717 1172.223624 252.841470 550.146206 540.922162 358.891479 1316.398704 -4.197478 609.568882 
W C 383.000000 1458.000000 482.000000 682.000000 1191.000000 747.000000 1805.000000 190.000000 1693.000000 1043.000000 
F 1302.6338817925607 1542.5526223677853 3.715224640081255
D C 833.893415 -428.620499 1149.706065 255.377158 534.990267 545.748109 342.766034 1320.918831 -21.082084 610.876324 
W C 383.000000 1458.000000 482.000000 682.000000 1191.000000 747.000000 1805.000000 190.000000 1693.000000 1043.000000 
F 1302.6338817925607 1542.5526223677853 3.715224640081255
D C 801.316947 -430.703945 1119.754508 252.331533 506.156993 542.341966 317.046138 1321.385923 -51.478464 614.447335 
W C 383.000000 1458.000000 482.000000 682.000000 1191.000000 747.000000 1805.000000 190.000000 1693.000000 1043.000000 
F 1265.0320091875426 1518.1126611649067 3.717551306747922
D C 743.152146 -420.254626 1069.209237 254.767790 450.718738 543.209758 262.728725 1326.022947 -104.762248 612.180723 
W C 383.000000 1458.000000 482.000000 682.000000 1191.000000 747.000000 1805.000000 190.000000 1693.000000 1043.000000 
F 1227.354241242991 1493.7898667177474 3.715224640081255
D C 724.649632 -421.610663 1054.617741 251.290975 437.791132 541.004000 248.182316 1316.024961 -122.497199 613.430365 
W C 383.000000 1458.000000 482.000000 682.000000 1191.000000 747.000000 1805.000000 190.000000 1693.000000 1043.000000 
F 1189.5395055355013 1469.3575887974898 3.715224640081255
D C 681.359721 -422.023736 1006.010262 252.794394 390.409437 540.989458 199.309990 1322.510178 -167.676649 618.853162 
W C 383.000000 1458.000000 482.000000 682.000000 1191.000000 747.000000 1805.000000 190.000000 1693.000000 1043.000000 
F 1189.5395055355013 1469.3575887974898 3.715224640081255
D C 664.161008 -417.031356 990.883515 255.467244 375.076011 543.989229 182.305318 1319.353169 -184.132274 618.984800 
W C 383.000000 1458.000000 482.000000 682.000000 1191.000000 747.000000 1805.000000 190.000000 1693.000000 1043.000000 
F 1152.0179073141162 1445.11470838049 3.715224640081255
D C 632.628348 -416.436432 954.683510 261.815583 340.519242 546.020967 145.855940 1324.292013 
W C 383.000000 1458.000000 482.000000 682.000000 1191.000000 747.000000 1805.000000 190.000000 
F 1114.416034709098 1420.6747471776114 3.717551306747922
D C 599.990991 -416.410361 924.304912 259.592822 313.038312 545.715385 117.113181 1324.052952 
W C 383.000000 1458.000000 482.000000 682.000000 1191.000000 747.000000 1805.000000 190.000000 
F 1076.7382667645466 1396.351952730452 3.715224640081255
D C 565.147396 -415.806799 892.525768 259.553470 280.966175 546.627714 85.121379 1334.955603 
W C 383.000000 1458.000000 482.000000 682.000000 1191.000000 747.000000 1805.000000 190.000000 
F 1038.9235310570568 1371.9196748101945 3.715224640081255
D C 518.149798 -408.877475 845.751967 268.631068 232.511550 552.890968 27.625493 1332.713710 
W C 383.000000 1458.000000 482.000000 682.000000 1191.000000 747.000000 1805.000000 190.000000 
F 1038.9235310570568 1371.9196748101945 3.715224640081255
D C 506.176268 -414.773244 830.820391 263.888442 219.561915 550.227292 23.496044 1330.492550 
W C 383.000000 1458.000000 482.000000 682.000000 1191.000000 747.000000 1805.000000 190.000000 
F 1001.4019328356718 1347.6767943931945 3.715224640081255
D C 477.556686 -411.319003 797.616796 264.160613 186.172886 547.956654 -17.407040 1336.686663 
W C 383.000000 1458.000000 482.000000 682.000000 1191.000000 747.000000 1805.000000 190.000000 
F 963.8000602306535 1323.236833190316 3.717551306747922
D C 442.904101 -413.353607 768.527675 265.035624 157.588474 551.278117 -42.058401 1337.739007 
W C 383.000000 1458.000000 482.000000 682.000000 1191.000000 747.000000 1805.000000 190.000000 
F 926.122292286102 1298.9140387431567 3.715224640081255
D C 412.345904 -411.727893 732.109114 265.110129 123.555117 552.152586 -83.396249 1341.009331 
W C 383.000000 1458.000000 482.000000 682.000000 1191.000000 747.000000 1805.000000 190.000000 
F 926.122292286102 1298.9140387431567 3.715224640081255
D C 395.968263 -412.731603 718.550991 267.706394 109.548792 552.905707 -99.890805 1340.483296 
W C 383.000000 1458.000000 482.000000 682.000000 1191.000000 747.000000 1805.000000 190.000000 
F 888.5204196810838 1274.4740775402781 3.717551306747922
D C 351.064494 -414.006816 669.926868 270.880564 62.847744 554.971258 -150.166841 1344.892368 
W C 383.000000 1458.000000 482.000000 682.000000 1191.000000 747.000000 1805.000000 190.000000 
F 850.8426517365324 1250.1512830931188 3.715224640081255
D C 320.871856 -415.756881 639.914677 270.238569 31.890125 553.600765 -180.596267 1353.224558 
W C 383.000000 1458.000000 482.000000 682.000000 1191.000000 747.000000 1805.000000 190.000000 
F 813.0279160290428 1225.7190051728612 3.715224640081255
D C 291.487658 -415.925297 611.995317 274.079263 1.291906 557.331836 -209.215102 1346.467947 
W C 383.000000 1458.000000 482.000000 682.000000 1191.000000 747.000000 1805.000000 190.000000 
F 774.9200428354486 1201.0973297493458 3.715224640081255
D C 259.094975 -419.779328 579.929193 274.818474 -29.687570 560.621909 
W C 383.000000 1458.000000 482.000000 682.000000 1191.000000 747.000000 
F 774.9200428354486 1201.0973297493458 3.715224640081255
D C 214.388235 -418.711983 534.276142 275.631332 -76.749410 561.936841 
W C 383.000000 1458.000000 482.000000 682.000000 1191.000000 747.000000 
F 737.3181702304304 1176.6573685464673 3.717551306747922
D C 200.998016 -417.511902 520.471152 278.699670 -95.256704 567.093813 
W C 383.000000 1458.000000 482.000000 682.000000 1191.000000 747.000000 
F 699.640402285879 1152.334574099308 3.715224640081255
D C 156.509131 -420.086310 471.195614 282.904319 -139.020977 567.964119 
W C 383.000000 1458.000000 482.000000 682.000000 1191.000000 747.000000 
F 662.0385296808607 1127.8946128964294 3.717551306747922
D C 142.886470 -418.491358 452.713500 285.209613 -155.150605 572.622624 
W C 383.000000 1458.000000 482.000000 682.000000 1191.000000 747.000000 
F 662.0385296808607 1127.8946128964294 3.717551306747922
D C 110.152521 -416.657507 423.567803 285.364089 
W C 383.000000 1458.000000 482.000000 682.000000 
F 624.3607617363093 1103.57181844927 3.715224640081255
D C 66.470309 -419.306970 375.425329 287.911358 
W C 383.000000 1458.000000 482.000000 682.000000 
F 586.7588891312911 1079.1318572463915 3.717551306747922
D C 49.869031 -423.071010 356.260298 290.995876 
W C 383.000000 1458.000000 482.000000 682.000000 
F 549.0811211867397 1054.8090627992322 3.715224640081255
D C 4.205290 -422.465557 309.209332 293.028308 
W C 383.000000 1458.000000 482.000000 682.000000 
F 549.0811211867397 1054.8090627992322 3.715224640081255
D C -11.442437 -425.873336 290.836105 293.065398 
W C 383.000000 1458.000000 482.000000 682.000000 
F 511.47924858172144 1030.3691015963536 3.717551306747922
D C -39.042727 -426.494455 257.847853 295.682331 
W C 383.000000 1458.000000 482.000000 682.000000 
F 473.80148063717 1006.0463071491945 3.715224640081255
D C -86.591726 -430.112971 204.860731 297.118525 
W C 383.000000 1458.000000 482.000000 682.000000 
F 436.6016502422077 980.994851125657 3.731511306747922
D C -102.326775 -432.319743 187.059418 295.889807 
W C 383.000000 1458.000000 482.000000 682.000000 
F 402.7152720466532 952.0277878100815 3.8315579734145886
D C -146.803395 -436.473382 136.950344 299.589458 
W C 383.000000 1458.000000 482.000000 682.000000 
F 402.7152720466532 952.0277878100815 3.8315579734145886
D C -165.715205 -434.534047 126.184598 294.977075 
W C 383.000000 1458.000000 482.000000 682.000000 
F 371.4196955830072 919.5554556141191 3.9292779734145884
D C 111.435439 279.259814 
W C 482.000000 682.000000 
F 343.65184372310443 884.2357890863568 4.0293246400812555
D C 87.266263 262.117254 -513.387528 1503.629032 
W C 482.000000 682.000000 1805.000000 190.000000 
F 319.55316361210976 846.528480428973 4.127044640081255
D C 78.506634 256.658458 -485.012371 1510.919783 
W C 482.000000 682.000000 1805.000000 190.000000 
F 299.2483500937769 806.6498889636143 4.224764640081255
D C 53.943029 237.641100 -385.135181 1552.808349 
W C 482.000000 682.000000 1805.000000 190.000000 
F 299.2483500937769 806.6498889636143 4.224764640081255
D C 43.967446 233.144154 -357.219946 1562.837461 
W C 482.000000 682.000000 1805.000000 190.000000 
F 283.1170550483506 765.0907900261 4.324811306747922
D C 28.345529 225.515430 -276.609901 1587.075286 
W C 482.000000 682.000000 1805.000000 190.000000 
F 270.98627347806035 721.4699803806859 4.424857973414588
D C 12.020993 220.458221 
W C 482.000000 682.000000 
F 263.51922822592417 677.8728593494211 4.524904640081255
D C -3.515573 218.478759 
W C 482.000000 682.000000 
F 260.1058164511439 633.0820546273554 4.620297973414588
D C -31.532354 220.759395 
W C 482.000000 682.000000 
F 260.1058164511439 633.0820546273554 4.620297973414588
D C 
W C 
F 265.60372179683264 587.600608109043 4.804104640081254
D C 122.149679 1605.216333 
W C 
F 279.83598179546124 545.1022424226394 5.001871306747921
D C 253.502164 1583.081557 
W C 
F 301.22632158100924 506.5564843248343 5.185677973414587
D C 310.651743 1567.896086 
W C 1693.000000 1043.000000 
F 301.22632158100924 506.5564843248343 5.185677973414587
D C 493.474749 1497.539059 -73.528080 911.225772 
W C 1191.000000 747.000000 
F 326.66161250750264 474.1052168415721 5.341564640081254
D C 546.348181 1473.204068 -45.143274 905.062357 
W C 1693.000000 1043.000000 
F 357.67730233939017 445.36571894562127 5.502104640081254
D C 718.268493 1366.333968 51.808460 899.375692 -70.699899 1510.568626 
W C 1693.000000 1043.000000 
F 392.0713854240481 422.0270190436855 5.653337973414587
D C 821.045299 1281.252387 108.161371 882.395670 
W C 1693.000000 1043.000000 
F 392.0713854240481 422.0270190436855 5.653337973414587
D C 865.380704 1230.705686 137.996919 879.034067 
W C 1693.000000 1043.000000 
F 429.4970137589633 404.3315289228174 5.8068979734145865
D C 990.461870 1087.728452 221.276876 842.100509 
W C 1693.000000 1043.000000 
F 468.30653119905196 392.18136286165895 5.946497973414586
D C 1034.251045 1035.803475 249.335235 824.172658 
W C 1693.000000 1043.000000 
F 510.3544408604079 386.25315928015914 6.109364640081253
D C 1117.876160 868.237218 321.874715 778.725599 
W C 1693.000000 1043.000000 
F 552.0953536150279 386.81386054231 6.262924640081253
D C 1169.404728 756.929047 368.401912 738.899923 
W C 1693.000000 1043.000000 
F 552.0953536150279 386.81386054231 6.262924640081253
D C 1186.406792 692.650967 388.926929 718.298363 
W C 1693.000000 1043.000000 
F 592.9112295092322 393.73284181630254 0.1332993329016663
D C 1228.074175 496.563791 441.558461 640.411649 
W C 1693.000000 1043.000000 
F 632.4669977631621 407.11385872964587 0.2915126662349996
D C 1241.771585 441.068704 458.422882 619.081502 
W C 1693.000000 1043.000000 
F 669.5180862140003 426.3449540729261 0.4450726662349996
D C 1244.928897 232.753713 503.619591 533.028475 
W C 1693.000000 1043.000000 
F 669.5180862140003 426.3449540729261 0.4450726662349996
D C 1219.636198 102.181252 521.942510 470.861995 
W C 1693.000000 1043.000000 
F 708.8710450728314 447.135992208649 0.47997266623499957
D C 1209.007509 41.724318 528.190593 442.346110 598.352406 1583.558996 
W C 1693.000000 1043.000000 
F 748.5938001382647 467.95221801962595 0.4822993329016662
D C 1155.172114 -77.216903 513.872110 389.101239 -227.254122 1102.743807 
W C 1693.000000 1043.000000 
F 788.3811601849743 488.6446926786775 0.47997266623499957
D C 1137.991659 -104.175557 504.827996 377.401994 -217.689630 1107.814165 
W C 1693.000000 1043.000000 
F 827.6959955847852 509.11105646137645 0.47997266623499957
D C 1079.698079 -145.816008 471.723053 359.468493 -234.182897 1118.988366 
W C 1693.000000 1043.000000 383.000000 1458.000000 
F 827.6959955847852 509.11105646137645 0.47997266623499957
D C 1061.525910 -149.999635 458.215627 358.148233 -251.232369 1114.876820 
W C 1693.000000 1043.000000 
F 867.4187506502185 529.9272822723535 0.4822993329016662
D C 1015.997001 -149.930296 411.791909 357.965245 -302.946854 1118.102132 
W C 1693.000000 1043.000000 
F 907.3042409684675 550.8088076733596 0.4822993329016662
D C 985.392979 -154.693885 381.629878 355.049572 617.972320 1482.190060 -325.849673 1120.498326 
W C 1693.000000 1043.000000 383.000000 1458.000000 
F 947.4989211341448 571.8522053642961 0.4822993329016662
D C 965.414909 -154.593910 363.660232 357.562911 -338.477194 1125.192512 
W C 1693.000000 1043.000000 383.000000 1458.000000 
F 987.2862811808543 592.5446800233476 0.47997266623499957
D C 920.589334 -156.119235 865.441559 667.928426 316.435580 356.194699 -393.176801 1128.851729 
W C 1693.000000 1043.000000 383.000000 1458.000000 
F 987.2862811808543 592.5446800233476 0.47997266623499957
D C 887.638346 -156.140229 828.700772 664.267077 284.434751 355.936811 
W C 1693.000000 1043.000000 
F 1027.0090362462875 613.3609058343246 0.4822993329016662
D C 850.627651 -157.714503 797.062894 663.369990 250.277445 355.933375 
W C 1693.000000 1043.000000 
F 1066.27614686968 633.9186866554702 0.4822993329016662
D C 818.464563 -162.164729 765.701108 657.408894 220.103110 357.805293 
W C 1693.000000 1043.000000 
F 1106.1616371879288 654.8002120564763 0.4822993329016662
D C 802.344448 -166.659626 749.494321 655.573280 206.869088 358.082218 
W C 1693.000000 1043.000000 
F 1106.1616371879288 654.8002120564763 0.4822993329016662
D C 758.508013 -167.289318 700.788760 660.047223 156.141696 358.900558 
W C 1693.000000 1043.000000 
F 1145.7379376587496 675.5198651675522 0.4822993329016662
D C 739.349233 -167.827607 679.792483 660.240204 139.512538 359.190798 
W C 1693.000000 1043.000000 
F 1185.6234279769985 696.4013905685583 0.4822993329016662
D C 693.814456 -170.979027 631.767374 664.563288 94.667302 360.269832 
W C 1693.000000 1043.000000 
F 1225.1997284478193 717.1210436796342 0.4822993329016662
D C 666.295322 -170.717296 595.552523 658.082105 63.783855 362.603513 
W C 1693.000000 1043.000000 
F 1265.0852187660682 738.0025690806403 0.4822993329016662
D C 648.788532 -174.743431 583.089189 656.352481 47.903443 363.097585 
W C 1693.000000 1043.000000 
F 1265.0852187660682 738.0025690806403 0.4822993329016662
D C 603.703084 -176.588751 536.206128 654.369153 -0.273712 364.976088 
W C 1693.000000 1043.000000 
F 1303.9907883358035 759.6059584856158 0.5032393329016662
D C 570.075538 -174.374584 500.044282 654.067737 -32.931312 366.056580 
W C 1693.000000 1043.000000 
F 1340.8512702582993 785.8973214793613 0.6032859995683328
D C 540.642128 -176.317518 467.232869 651.647303 -64.712276 364.674936 
W C 1693.000000 1043.000000 
F 1371.831952190836 818.4343499342804 0.7801126662349995
D C 495.003274 -211.751334 473.405725 623.177166 -72.085088 366.838245 
W C 1693.000000 1043.000000 1291.000000 1881.000000 
F 1371.831952190836 818.4343499342804 0.7801126662349995
D C 467.340896 -233.007575 477.602377 609.074683 -76.961039 367.740379 
W C 1693.000000 1043.000000 1291.000000 1881.000000 
F 1395.8324864743536 856.6929728137717 0.9778793329016662
D C 384.092232 -301.183695 513.480643 530.275878 421.725294 1394.004568 -68.833280 368.168302 
W C 1693.000000 1043.000000 1191.000000 747.000000 
F 1411.8612091767648 895.4612733691566 1.1430726662349995
D C 291.973531 -357.457220 542.529893 445.924095 577.044045 1315.322628 -59.012001 372.258583 
W C 1693.000000 1043.000000 1191.000000 747.000000 
F 1422.0288735024308 935.9356711478167 1.2919793329016662
D C 255.911761 -377.348018 547.009495 414.192692 621.494665 1275.797847 -54.399064 372.678578 
W C 1693.000000 1043.000000 1191.000000 747.000000 
F 1422.0288735024308 935.9356711478167 1.2919793329016662
D C 187.918578 -402.920969 556.490584 357.785882 -47.471356 373.155350 
W C 1693.000000 1043.000000 1191.000000 747.000000 
F 1425.8570802709417 976.9759246366098 1.4432126662349996
D C 120.713012 -424.799382 560.134423 299.938389 791.755759 1125.999586 -41.801982 374.378029 
W C 1693.000000 1043.000000 1191.000000 747.000000 
F 1423.9086074564443 1017.7759549681573 1.585139332901666
D C 45.290639 -442.516910 558.250519 237.772221 874.616643 1034.568369 -34.720619 373.115274 
W C 1693.000000 1043.000000 1191.000000 747.000000 
F 1415.5499440887572 1058.6752328370862 1.738699332901666
D C 8.556777 -446.594504 556.858277 207.465473 -31.350571 374.200647 
W C 1693.000000 1043.000000 1191.000000 747.000000 
F 1400.844919192258 1092.9990804078996 1.9201793329016659
D C -104.331224 -453.176631 534.464501 120.439120 998.448356 846.652165 194.913236 1410.597331 -20.999355 374.775782 
W C 1693.000000 1043.000000 1191.000000 747.000000 
F 1400.844919192258 1092.9990804078996 1.9201793329016659
D C -177.955874 -445.961580 512.534564 55.636645 1055.260613 725.154603 322.875931 1383.033728 -9.343279 369.313649 -318.559464 961.870797 
W C 1693.000000 1043.000000 1191.000000 747.000000 482.000000 682.000000 
F 1379.94318932849 1123.5697480607485 2.1109659995683323
D C 488.682711 -19.133660 1115.728444 575.600691 473.212108 1325.672683 13.054482 361.808044 -220.675343 993.478750 
W C 1191.000000 747.000000 
F 1353.7946945038407 1149.7676649172304 2.2970993329016656
D C 455.950095 -83.091402 1153.064425 425.566557 612.423598 1247.441694 33.290644 351.768659 
W C 383.000000 1458.000000 1191.000000 747.000000 
F 1323.2496615716038 1170.6740178364366 2.483232666234999
D C 388.347972 -177.524232 791.323034 1096.534504 58.822314 334.397752 
W C 1191.000000 747.000000 
F 1323.2496615716038 1170.6740178364366 2.483232666234999
D C 361.425930 -204.387378 1167.844770 112.289947 848.784502 1048.892444 66.915216 327.185761 
W C 1191.000000 747.000000 
F 1287.9591973900583 1185.5170779057225 2.685652666234999
D C 299.118695 -257.630574 1139.484554 -48.116544 958.297029 919.375225 80.360260 309.684654 
W C 383.000000 1458.000000 1191.000000 747.000000 
F 1251.1213392224918 1192.9372297041543 2.8834193329016657
D C 230.012901 -296.147106 1093.522555 -195.816911 1039.421643 787.044561 90.972910 291.017854 
W C 383.000000 1458.000000 1191.000000 747.000000 
F 1214.089411000588 1193.2276160100005 3.074205999568332
D C 160.046856 -329.855281 1025.614280 -344.954960 1108.005503 642.328695 100.259929 272.911828 
W C 383.000000 1458.000000 1191.000000 747.000000 
F 1174.6615542908612 1189.640909974932 3.1998459995683324
D C 126.186698 -345.156729 988.025279 -411.939258 1127.341851 564.184714 103.492464 264.049847 
W C 383.000000 1458.000000 1191.000000 747.000000 
F 1174.6615542908612 1189.640909974932 3.1998459995683324
D C 20.975655 -374.352809 861.313926 -589.978237 1181.179072 351.370808 111.566278 238.236147 
W C 383.000000 1458.000000 1191.000000 747.000000 
F 1129.5357139068815 1187.131786529253 3.1975193329016656
D C -50.084406 -379.628803 773.325580 -670.207922 1165.116453 240.107916 99.597527 227.024058 
W C 1191.000000 747.000000 
F 1085.1147016249663 1184.523117727267 3.1998459995683324
D C -106.273760 -380.589766 702.324716 -696.982265 1136.030962 194.408535 558.778582 694.863973 69.393441 221.986198 
W C 482.000000 682.000000 1191.000000 747.000000 
F 1040.51847634414 1181.9222957991462 3.1998459995683324
D C 638.157187 -720.612220 1103.752611 147.302678 549.755136 679.364441 42.037314 219.214106 
W C 482.000000 682.000000 1191.000000 747.000000 
F 1040.51847634414 1181.9222957991462 3.1998459995683324
D C 583.887210 -723.861676 1055.982008 144.226167 505.851734 678.768052 -5.645500 223.150821 
W C 482.000000 682.000000 1191.000000 747.000000 
F 995.044204626829 1179.393258764955 3.1975193329016656
D C 568.036094 -722.169257 1029.463580 143.822906 487.792351 675.932736 -21.723480 225.929862 
W C 482.000000 682.000000 1191.000000 747.000000 
F 950.2747610115836 1176.7646763744563 3.1998459995683324
D C 539.242900 -725.946412 994.309313 145.137121 452.116374 682.264530 
W C 482.000000 682.000000 
F 905.4973519609332 1174.2754665172895 3.1975193329016656
D C 502.078846 -721.116187 959.535501 143.069162 423.804316 679.568182 
W C 482.000000 682.000000 
F 905.4973519609332 1174.2754665172895 3.1975193329016656
D C 472.728538 -720.602197 927.442506 144.106645 389.913884 684.589180 
W C 482.000000 682.000000 
F 861.2436504902225 1171.7979203237303 3.1975193329016656
D C 439.715001 -722.294171 894.628769 141.820326 365.499739 685.037164 
W C 482.000000 682.000000 
F 816.4742068749771 1169.1693379332316 3.1998459995683324
D C 407.972947 -724.081510 862.294761 144.842625 327.460685 688.225367 
W C 482.000000 682.000000 
F 771.6967978243267 1166.6801280760649 3.1975193329016656
D C 363.351811 -720.510096 813.029814 149.425173 278.921990 692.802752 
W C 482.000000 682.000000 
F 726.9273542090813 1164.0515456855662 3.1998459995683324
D C 347.883267 -722.621085 793.069998 145.756797 265.768559 690.520878 
W C 482.000000 682.000000 
F 682.1499451584309 1161.5623358283995 3.1975193329016656
D C 313.249543 -723.119405 758.457342 146.624386 232.963990 692.644612 
W C 482.000000 682.000000 
F 682.1499451584309 1161.5623358283995 3.1975193329016656
D C 264.356840 -723.091606 708.254590 143.693787 184.149426 692.160384 
W C 482.000000 682.000000 
F 637.1993350031421 1159.045773159351 3.1975193329016656
D C 248.964681 -721.926527 691.168977 144.648469 166.363119 693.368747 
W C 482.000000 682.000000 
F 592.5971791901424 1156.548718728047 3.1975193329016656
D C 200.777174 -723.404513 644.253861 145.179647 118.282355 697.476348 
W C 482.000000 682.000000 
F 547.6465690348535 1154.0321560589987 3.1975193329016656
D C 625.392873 146.990491 103.326752 700.189843 
W C 482.000000 682.000000 
F 547.6465690348535 1154.0321560589987 3.1975193329016656
D C 153.410397 -721.981205 592.589720 145.048603 75.101823 701.658863 
W C 482.000000 682.000000 
F 502.7252216244481 1151.0277742276662 3.2068259995683324
D C 548.158552 148.522129 25.420731 704.541543 
W C 482.000000 682.000000 
F 459.4477737518094 1138.9644670811056 3.383652666234999
D C 94.804738 -727.393288 530.308292 145.433511 5.959151 704.879573 
W C 482.000000 682.000000 
F 425.1157497117209 1115.4371420405664 3.6768126662349987
D C -17.379692 -730.293226 501.230844 85.775439 46.653616 697.942469 
W C 
F 403.32883089152045 1089.5205358729108 3.918785999568332
D C -69.507287 -734.455162 488.160129 51.475948 80.786046 694.315933 
W C 
F 403.32883089152045 1089.5205358729108 3.918785999568332
D C -201.214138 -720.592191 470.107157 -31.424078 163.903326 665.102022 
W C 
F 388.13549000093155 1058.474502207129 4.165412666234999
D C -325.258953 -689.038762 438.127291 -100.866535 236.417651 637.489896 
W C 
F 380.97386633874623 1025.9459570081292 4.400405999568332
D C 394.844873 -176.118916 312.921231 586.491999 
W C 
F 381.80497906352593 992.0985116308769 4.642379332901665
D C 305.444661 -271.350357 408.111658 491.859371 
W C 
F 381.80497906352593 992.0985116308769 4.642379332901665
D C 272.623625 -298.495568 432.769744 455.235417 
W C 
F 391.1892658244721 958.8047828597328 4.893659332901666
D C 197.608108 -343.293482 477.475457 375.567488 -139.434532 636.958669 
W C 
F 407.6449988975866 929.6354151415035 5.130979332901666
D C 121.565733 -374.749298 509.405920 295.310844 -59.758717 642.180085 
W C 
F 430.32093327078536 905.2387533505017 5.365972666235
D C 44.378261 -397.451152 526.582384 212.920156 9.384754 643.192407 
W C 
F 457.28909061503634 886.9687595923866 5.591659332901666
D C -79.594083 -408.287027 527.602468 77.012960 122.168145 616.597074 
W C 
F 457.28909061503634 886.9687595923866 5.591659332901666
D C -117.076988 -404.856022 518.375222 38.628544 154.205335 601.850521 -301.769333 992.121096 
W C 
F 488.2505033103696 875.1956949399546 5.824325999568333
D C 484.221814 -80.589823 250.465718 552.388844 -114.788007 1028.039971 
W C 
F 521.4201985644859 870.7617726449956 6.056992666235
D C 463.662929 -129.470646 284.945436 522.423492 -44.951706 1027.955117 
W C 1191.000000 747.000000 
F 564.365034877394 863.9647945918024 6.1151593329016665
D C 417.574966 -200.257457 332.506889 472.876408 77.378445 1016.860175 
W C 1191.000000 747.000000 
F 564.365034877394 863.9647945918024 6.1151593329016665
D C 340.722495 -282.708494 370.545613 401.952146 195.798509 988.218230 
W C 
F 608.256078945679 856.6430642181582 6.117485999568333
D C 319.287418 -281.900071 353.496498 402.863825 185.710686 984.759524 
W C 
F 652.3162177857802 849.2747706985566 6.117485999568333
D C 240.580433 -305.860480 991.260143 835.342456 326.955817 374.930631 198.691855 971.515150 
W C 
F 696.7205764605696 841.8489123858332 6.117485999568333
D C 214.011108 -309.395678 977.878170 824.065365 314.115439 371.561530 186.272308 971.363607 
W C 1291.000000 1881.000000 
F 740.4364954659826 834.5381836593534 6.117485999568333
D C 178.788802 -306.238292 951.195518 821.751840 285.855581 373.904711 158.425766 970.268821 
W C 1291.000000 1881.000000 
F 740.4364954659826 834.5381836593534 6.117485999568333
D C 128.946084 -302.744442 907.047923 823.340188 235.673898 375.332481 106.965676 971.189720 
W C 
F 784.8408541407721 827.11232534663 6.117485999568333
D C 113.701506 -302.347733 889.953442 822.889569 222.330673 376.796128 94.948438 971.496171 
W C 1291.000000 1881.000000 
F 829.2452128155616 819.6864670339065 6.117485999568333
D C 66.026762 -310.735660 840.010480 820.873098 174.563514 375.756284 44.122667 974.001124 
W C 1291.000000 1881.000000 
F 873.3053516556628 812.3181735143049 6.117485999568333
D C 33.052131 -313.442162 805.293021 821.486242 142.719155 377.710860 11.177436 970.060607 
W C 1291.000000 1881.000000 
F 917.7097103304523 804.8923152015815 6.117485999568333
D C 19.535104 -314.123920 787.044529 817.793317 126.445220 379.797102 -3.702463 969.757638 
W C 1291.000000 1881.000000 
F 917.7097103304523 804.8923152015815 6.117485999568333
D C -32.470082 -322.020182 739.557242 817.206490 75.539645 375.215770 -57.420676 971.422061 
W C 1291.000000 1881.000000 
F 963.0735013055407 802.2716873803843 6.2105526662349995
D C -47.536809 -322.131396 722.749016 813.560119 62.651695 376.441048 -69.550953 973.636650 
W C 
F 1007.9576685920383 804.2576298628163 0.02741402572207985
D C -112.283736 -327.182207 725.757846 768.138501 37.199105 368.920002 
W C 
F 1052.419037200602 810.7166655492986 0.12746069238874652
D C 737.433485 716.223328 29.685231 360.827471 
W C 
F 1052.419037200602 810.7166655492986 0.12746069238874652
D C 748.995299 659.203671 21.391618 352.510627 
W C 
F 1095.866911183895 821.4343964475418 0.22518069238874655
D C 758.731572 612.014250 13.684554 349.509981 
W C 
F 1138.3976769100339 836.4343774870343 0.3229006923887465
D C 758.229720 585.184728 7.218044 348.214086 
W C 
F 1178.7263308645454 855.4337736500175 0.4229473590554132
D C 770.614415 508.926000 -4.457470 342.289159 
W C 
F 1178.7263308645454 855.4337736500175 0.4229473590554132
D C 766.619842 476.424997 -6.533252 340.982872 
W C 
F 1216.8118142691237 878.975731235158 0.5346273590554131
D C 760.469900 392.323959 151.505954 927.888863 -23.064441 337.439950 
W C 
F 1249.3906830304834 910.2545608289832 0.7323940257220798
D C 755.625418 338.403338 180.421926 910.610798 -30.368599 337.570071 
W C 
F 1274.9540343936185 947.0673762302638 0.9301606923887464
D C 757.716213 290.267450 220.034409 892.875905 -24.935207 334.617674 
W C 1291.000000 1881.000000 
F 1293.0320820350435 984.7090367843382 1.0883740257220798
D C 753.565630 172.243551 303.499130 850.232906 -19.547026 330.689459 
W C 1291.000000 1881.000000 
F 1293.0320820350435 984.7090367843382 1.0883740257220798
D C 738.400721 98.544187 347.550245 819.398277 -20.252118 325.653485 
W C 
F 1305.5599529653286 1023.7627331936052 1.2279740257220797
D C 717.293592 26.958164 393.307549 776.878591 -18.013978 321.495718 
W C 1291.000000 1881.000000 
F 1312.2768981954239 1063.7015769155923 1.3699006923887462
D C 686.276564 -47.989132 429.070195 732.292971 -16.847539 318.149979 
W C 1291.000000 1881.000000 
F 1312.8463982112914 1105.4423705499507 1.5234606923887462
D C 674.088755 -78.432545 446.237446 710.674408 -17.789037 317.481182 
W C 1291.000000 1881.000000 383.000000 1458.000000 
F 1311.7655704280432 1148.387565360121 1.5839540257220794
D C 609.599736 -186.464237 504.566340 627.448837 -14.539018 310.639539 
W C 1291.000000 1881.000000 
F 1311.7655704280432 1148.387565360121 1.5839540257220794
D C 563.888160 -251.519973 530.602846 579.130660 277.616298 1401.162286 -14.382297 307.291064 
W C 
F 1311.1778066613483 1193.055698494992 1.5839540257220794
D C 514.487234 -280.616763 518.609775 548.894011 -35.672836 302.635574 
W C 
F 1310.5900428946534 1237.7238316298628 1.5839540257220794
D C 461.958157 -312.282544 514.217295 521.348176 -55.656526 302.829933 
W C 
F 1310.0068710323858 1282.0429949746176 1.5839540257220794
D C 438.450687 -324.667797 505.407613 512.416327 343.019578 1356.066680 
W C 
F 1310.0068710323858 1282.0429949746176 1.5839540257220794
D C 383.749022 -330.522574 458.127361 506.228094 
W C 
F 1309.2898542621099 1327.2328506700812 1.586280692388746
D C 366.454330 -329.595229 439.937206 510.783486 282.247176 1358.814129 
W C 
F 1308.603568151292 1371.5505372113944 1.586280692388746
D C 314.089474 -329.403472 389.581262 509.579939 234.175692 1355.622453 
W C 
F 1307.9064743851854 1416.5661400761928 1.586280692388746
D C 281.434493 -333.964584 358.080939 509.246676 
W C 
F 1307.209380619079 1461.5817429409913 1.586280692388746
D C 264.323925 -331.836092 342.209906 512.985718 188.268467 1362.508786 
W C 
F 1307.209380619079 1461.5817429409913 1.586280692388746
D C 211.293064 -333.115245 291.925787 512.547112 
W C 
F 1306.5176906806166 1506.2483876440472 1.586280692388746
D C 162.411815 -332.131081 238.783254 513.992335 
W C 
F 1301.5412263185622 1551.2228741079182 1.6677140257220793
D C 143.543090 -331.361356 221.429388 517.627304 
W C 
F 1292.1553159958637 1594.977784651645 1.7654340257220793
D C 109.745602 -338.311514 205.459180 510.331528 87.157674 1366.890748 
W C 
F 1292.1553159958637 1594.977784651645 1.7654340257220793
D C 51.701784 -354.199979 204.836020 495.568757 152.234906 1344.296425 
W C 
F 1278.470491573771 1637.4054049582 1.865480692388746
D C -1.975542 -366.790134 201.735064 479.707331 201.048591 1334.046571 
W C 
F 1260.3806627804438 1678.9106936556136 1.9655273590554125
D C -89.330748 -367.341829 193.627808 452.636576 287.477112 1303.452579 
W C 
F 1238.7186173635698 1717.6703215006064 2.0632473590554126
D C -114.862910 -367.440787 192.250968 445.632146 
W C 
F 1238.7186173635698 1717.6703215006064 2.0632473590554126
D C 188.603157 433.515070 
W C 
F 1209.8122291231546 1752.4973586693602 2.235420692388746
D C 180.154461 421.140431 -535.568296 1552.995223 
W C 
F 1174.7763503798556 1780.7108059667173 2.430860692388746
D C 191.538886 396.272372 -394.317348 1589.829497 
W C 
F 1137.468985154497 1801.3941253456646 2.6007073590554124
D C 195.380825 385.924910 -341.558622 1607.445847 
W C 
F 1098.7761594673327 1817.7339184171067 2.717040692388746
D C 197.835132 352.357913 -152.712040 1641.076596 
W C 
F 1098.7761594673327 1817.7339184171067 2.717040692388746
D C 201.793189 323.574408 
W C 
F 1057.751971801723 1836.2786337661441 2.717040692388746
D C 186.672550 307.674137 73.908861 1631.526806 
W C 
F 1017.3638180534094 1854.53583414853 2.717040692388746
D C 156.697522 300.312940 108.663907 1625.622256 
W C 
F 975.0487098339338 1869.5174371673033 2.7891673590554125
D C 777.903236 870.252330 142.759626 297.681029 130.466158 1647.676124 
W C 
F 931.7590604104603 1880.1342352985325 2.884560692388746
D C 744.545259 853.793721 91.712717 296.576520 108.980712 1630.361679 
W C 
F 931.7590604104603 1880.1342352985325 2.884560692388746
D C 769.055197 794.209918 75.273212 286.462875 
W C 
F 887.0802978276877 1886.3272205543626 2.9869340257220793
D C 796.134462 731.622499 59.803017 275.164557 
W C 
F 841.837379363194 1888.0619321853567 3.086980692388746
D C 798.876520 673.219314 39.819435 269.834897 
W C 
F 797.1670345267707 1885.3883949272872 3.1847006923887458
D C 806.741790 646.665273 27.064044 268.406107 -373.545908 1412.956370 
W C 1191.000000 747.000000 
F 797.1670345267707 1885.3883949272872 3.1847006923887458
D C 816.629478 568.580200 474.015344 1516.351719 -0.199012 265.368346 
W C 
F 752.8125052982416 1878.2324060046174 3.2847473590554124
D C 572.351394 1473.583357 -28.996853 267.124110 
W C 
F 709.8806288562365 1866.9007270692857 3.382467359055412
D C 817.801709 457.478408 599.225895 1437.227263 
W C 
F 667.128278721926 1850.9693332953825 3.482514025722079
D C 813.001111 394.470786 662.212489 1391.774505 
W C 
F 627.5823801509742 1831.5558397972459 3.5802340257220786
D C 801.175730 338.339767 710.707160 1351.950340 
W C 
F 627.5823801509742 1831.5558397972459 3.5802340257220786
D C 783.566053 281.027459 764.499900 1295.640399 35.148969 1476.956817 
W C 1191.000000 747.000000 
F 589.1945531453049 1807.8864460107618 3.6779540257220784
D C 764.458089 209.647531 833.165308 1216.344667 116.093437 1466.160931 
W C 1191.000000 747.000000 
F 553.1511729552252 1780.1927905272053 3.780327359055412
D C 750.447417 188.575512 850.129488 1201.167067 138.687294 1465.452092 -131.688730 814.548552 
W C 1191.000000 747.000000 
F 520.2338063910804 1749.3656524356054 3.8780473590554116
D C 727.137140 133.639125 899.230033 1132.387455 210.029474 1454.132579 -106.786040 819.320331 
W C 1191.000000 747.000000 
F 520.2338063910804 1749.3656524356054 3.8780473590554116
D C 698.315448 82.313167 944.476779 1076.377078 270.338142 1433.509642 -81.955143 825.755496 
W C 1191.000000 747.000000 
F 490.94013999916484 1715.7612108592323 3.9780940257220783
D C 666.590783 37.350270 967.423346 1005.219297 325.452282 1413.645536 -64.304886 828.626227 
W C 1191.000000 747.000000 
F 464.9288490484534 1679.1286408753606 4.078140692388745
D C 622.523019 -24.373982 1014.097945 914.852062 411.663026 1375.960691 -33.917203 834.251995 
W C 1191.000000 747.000000 
F 442.50611402701975 1639.999541491457 4.175860692388745
D C 604.593063 -51.607696 1023.529817 862.536355 449.299096 1363.479990 -13.306599 826.951771 
W C 1191.000000 747.000000 
F 424.33489620423956 1599.485842509975 4.2735806923887445
D C 568.714690 -89.280812 1040.744679 798.140645 498.150158 1330.703444 -0.623346 831.187266 
W C 1191.000000 747.000000 
F 424.33489620423956 1599.485842509975 4.2735806923887445
D C 527.910121 -130.094665 1061.646589 724.757849 555.890505 1288.538005 29.853584 827.399098 
W C 1191.000000 747.000000 
F 408.4807439333577 1557.6845736205187 4.338727359055412
D C 489.761202 -161.387968 1074.047369 658.378537 599.709345 1250.508284 49.926623 822.736528 
W C 1191.000000 747.000000 
F 391.9970576648321 1515.9772527523176 4.336400692388745
D C 424.885408 -203.763344 1063.579083 573.726348 634.128304 1206.277387 54.498693 815.305561 
W C 1191.000000 747.000000 
F 375.4657084526874 1474.1011863870758 4.336400692388745
D C 408.369671 -202.043688 1043.347635 583.648835 616.187649 1207.910916 36.897996 814.517622 
W C 
F 375.4657084526874 1474.1011863870758 4.336400692388745
D C 380.022519 -201.264645 1007.728174 584.196307 584.256004 1208.759836 4.390897 815.238175 
W C 1191.000000 747.000000 
F 359.0625092344353 1432.549740691332 4.336400692388745
D C 962.184938 581.716195 529.816335 1207.671097 -43.483420 821.143598 
W C 1191.000000 747.000000 
F 342.70873074899293 1390.7913109285723 4.338727359055412
D C 314.837194 -199.037820 943.096229 578.107012 513.741632 1211.217699 -58.854675 823.900557 
W C 1191.000000 747.000000 
F 326.2250444804673 1349.0839900603712 4.336400692388745
D C 265.659822 -197.982921 891.435698 580.894480 465.265596 1208.854836 -107.965372 828.368800 
W C 1191.000000 747.000000 
F 309.56554527443006 1306.8833030256314 4.336400692388745
D C 869.835192 582.149337 450.987170 1216.067256 -123.812181 830.382885 
W C 
F 309.56554527443006 1306.8833030256314 4.336400692388745
D C 819.720953 578.232783 394.980930 1211.129405 -171.449788 831.954949 
W C 1191.000000 747.000000 
F 297.58600188925357 1263.5967602104322 4.427140692388745
D C 786.820185 577.002916 369.775834 1208.892676 -199.207038 836.031921 
W C 1191.000000 747.000000 
F 290.14063957188927 1220.176391677342 4.524860692388745
D C 791.867194 547.739959 397.580467 1194.192308 -178.863616 841.769341 
W C 1191.000000 747.000000 
F 286.92001337700583 1175.014920681145 4.6249073590554115
D C 800.477683 487.311209 456.326045 1164.266632 -151.379429 853.072815 
W C 1191.000000 747.000000 
F 286.92001337700583 1175.014920681145 4.6249073590554115
D C 792.453810 440.112232 486.279388 1136.757369 -131.592396 864.373889 
W C 1191.000000 747.000000 
F 288.11060159514244 1129.9322414780222 4.722627359055411
D C 783.915917 353.964477 551.775749 1073.495469 -89.183976 871.381330 
W C 1191.000000 747.000000 
F 291.7314163242353 1085.3770925940087 4.783120692388745
D C 773.219913 320.957750 577.430685 1050.987392 -73.085059 872.343816 
W C 1191.000000 747.000000 
F 294.7791667864486 1040.634230100396 4.780794025722078
D C 760.319639 264.817810 611.305594 1007.555319 -49.073405 875.813742 
W C 1191.000000 747.000000 
F 297.9419197592308 996.2492272424302 4.783120692388745
D C 717.708428 259.895376 567.339436 1010.470372 -90.046018 879.803998 
W C 1191.000000 747.000000 
F 297.9419197592308 996.2492272424302 4.783120692388745
D C 700.201155 258.426319 553.835880 1008.042251 -106.809611 882.828925 
W C 1191.000000 747.000000 
F 301.09901278425025 951.6889271129273 4.783120692388745
D C 647.315738 264.051407 502.096368 1014.834617 -159.485604 882.998298 
W C 1191.000000 747.000000 
F 304.1467632464636 906.9460646193146 4.780794025722078
D C 631.598581 262.171804 485.785289 1012.954915 -177.381460 888.274790 
W C 1191.000000 747.000000 
F 307.33377599828873 862.212906037319 4.783120692388745
D C 597.278844 265.291620 449.360124 1015.795768 -211.259998 886.615773 
W C 
F 307.33377599828873 862.212906037319 4.783120692388745
D C 549.514254 266.626105 400.981965 1013.895620 -258.775588 889.850865 
W C 1191.000000 747.000000 
F 310.430046018588 816.7737320956471 4.780794025722078
D C 534.727307 265.559093 387.742232 1016.727473 -272.378105 895.492137 
W C 1191.000000 747.000000 
F 313.45959887997503 772.5543908696625 4.780794025722078
D C 487.398996 268.737959 335.324526 1017.603384 
W C 1191.000000 747.000000 
F 316.64661163180017 727.8212322876669 4.783120692388745
D C 455.361299 265.850168 303.606320 1014.787182 
W C 1191.000000 747.000000 
F 316.64661163180017 727.8212322876669 4.783120692388745
D C 436.221294 267.398576 290.623043 1016.661434 
W C 1191.000000 747.000000 
F 319.8283694460776 682.9128048134023 4.783120692388745
D C 389.409922 271.127577 237.852026 1018.835235 
W C 1191.000000 747.000000 
F 322.87611990829095 638.1699423197896 4.780794025722078
D C 372.029579 272.822375 218.639548 1021.085034 
W C 
F 326.0631326601161 593.436783737794 4.783120692388745
D C 327.818056 272.832498 173.597099 1023.651170 
W C 
F 328.9895842271147 550.4346998643293 4.780794025722078
D C 311.101940 273.806179 154.626270 1026.013877 
W C 
F 329.50802128421515 543.9986709255903 4.783120692388745
D C 274.981828 275.394581 119.693121 1028.702914 
W C 
F 329.50802128421515 543.9986709255903 4.783120692388745
D C 236.508266 272.897240 87.577311 1025.983297 
W C 1191.000000 747.000000 
F 329.50802128421515 543.9986709255903 4.783120692388745
D C 238.938640 273.998536 90.573531 1024.002166 
W C 1191.000000 747.000000 
F 329.50802128421515 543.9986709255903 4.783120692388745
D C 240.127935 275.362337 90.465092 1022.776183 
W C 1191.000000 747.000000 
F 329.50802128421515 543.9986709255903 4.783120692388745
D C 239.533287 274.680437 90.132998 1019.021610 
W C 1191.000000 747.000000 
F 329.50802128421515 543.9986709255903 4.783120692388745
D C 238.703911 273.729364 90.593863 1024.232038 
W C 1191.000000 747.000000 
F 329.50802128421515 543.9986709255903 4.783120692388745
D C 238.672614 273.693475 90.627751 1024.615157 
W C 1191.000000 747.000000 
F 329.50802128421515 543.9986709255903 4.783120692388745
D C 239.235964 274.339486 90.580309 1024.078790 
W C 1191.000000 747.000000 
