F 1816.177650 1846.743685 3.725539
D C 364.851773 -287.908385 1415.409120 -461.601880 1742.811281 248.935915 1129.699457 565.364591 538.371700 591.241554 896.510601 1317.474342 
W C 1345.951164 1886.392432 358.805437 1445.449068 479.208836 660.287864 1175.698815 735.450018 1691.091717 1044.541295 1794.244031 228.879322 
F 1816.170377 1847.544781 3.725853
D C 366.003138 -288.816939 1416.676745 -462.015286 1741.821328 248.794514 1129.862050 565.445962 540.604137 593.693224 897.555391 1319.009722 
W C 1344.577189 1887.159726 358.019955 1445.543558 480.700320 661.669657 1176.124144 736.195743 1690.853001 1042.197974 1794.725391 228.233341 
F 1815.192389 1848.186422 3.726570
D C 366.238644 -289.002780 1418.155641 -462.497593 1741.821328 248.794514 1131.081501 566.056243 541.454589 594.627193 899.966446 1322.552907 
W C 1343.848133 1887.439898 357.604655 1445.214788 482.215790 662.813789 1176.041225 736.548019 1690.410384 1042.475478 1794.879813 226.508028 
F 1816.625872 1847.568284 3.725649
D C 366.160142 -288.940833 1417.416193 -462.256439 1736.995310 248.105186 1129.536863 565.283220 540.497830 593.576477 896.832075 1317.946766 
W C 1344.295668 1887.342172 355.953703 1445.192424 483.082224 663.890216 1175.800778 735.391516 1691.024548 1041.479044 1794.843079 227.704628 
F 1816.383955 1845.533113 3.724982
D C 365.087279 -288.094226 1419.423266 -462.910998 1739.841423 248.511713 1128.561302 564.794995 536.989715 589.723854 897.957234 1319.600253 
W C 1346.203043 1885.441864 355.670235 1444.193841 481.961523 662.665382 1176.376933 736.486857 1691.260313 1046.015505 1793.527952 226.196551 
F 1815.841996 1847.371494 3.725944
D C 365.139614 -288.135524 1413.402046 -460.947321 1740.212656 248.564738 1129.943347 565.486647 538.159087 591.008062 896.510601 1317.474342 
W C 1344.804720 1886.896403 359.388519 1445.694926 480.145103 661.076672 1175.098849 734.577295 1691.018075 1044.713187 1794.544734 228.041517 
F 1815.947643 1847.985387 3.726135
D C 364.747103 -287.825789 1418.472547 -462.600944 1734.891661 247.804709 1132.626139 566.829266 539.789120 592.798170 897.153549 1318.419191 
W C 1345.518544 1887.368622 354.686125 1444.681933 484.870658 665.338067 1174.045875 732.685555 1690.928753 1043.059110 1794.950046 227.866713 
F 1815.671326 1848.239375 3.726361
D C 364.904108 -287.949683 1417.521828 -462.290890 1737.985263 248.246586 1131.894469 566.463097 540.675008 593.771054 897.475023 1318.891616 
W C 1345.252070 1887.514908 356.166512 1445.066363 483.114788 663.739387 1174.737114 734.039272 1690.687942 1042.342816 1795.041573 228.297254 
F 1815.504940 1847.954567 3.726332
D C 365.244284 -288.218120 1416.571109 -461.980836 1739.841423 248.511713 1132.544843 566.788581 539.576507 592.564677 898.117971 1319.836465 
W C 1344.899222 1887.259466 357.744569 1445.309125 482.201646 662.860289 1174.511779 733.727052 1690.818554 1044.127609 1794.824231 227.716459 
F 1817.268411 1848.216791 3.724937
D C 365.767631 -288.631099 1417.743863 -457.555898 1739.717679 248.494038 1129.943347 565.486647 539.470200 592.447931 897.153549 1318.419191 
W C 1345.355827 1888.293735 358.301505 1442.609567 480.459715 663.340324 1175.261840 735.820241 1691.302128 1043.549897 1794.318985 227.386236 
F 1814.997204 1847.932128 3.726566
D C 364.066751 -287.288917 1419.000724 -462.773196 1738.975215 248.387987 1132.951326 566.992008 539.718249 592.720339 898.760919 1320.781314 
W C 1346.183549 1886.976718 355.715212 1444.498287 483.442048 663.832941 1174.423304 733.829410 1690.541901 1044.351635 1794.693985 227.511008 
F 1816.042611 1847.220327 3.725787
D C 364.537764 -287.660598 1416.888016 -462.084187 1743.306257 249.006615 1132.544843 566.788581 539.115845 592.058777 896.912443 1318.064873 
W C 1346.540633 1886.690855 358.270628 1445.427104 479.926125 660.929111 1174.676863 733.750308 1691.070518 1044.441698 1794.515233 229.760923 
F 1816.736039 1846.474904 3.725170
D C 365.008777 -288.032279 1423.014870 -464.082314 1741.821328 248.794514 1130.105940 565.568018 540.993927 594.121293 897.876865 1319.482147 
W C 1347.094497 1886.248662 353.790786 1444.225747 482.285101 663.132390 1176.670075 736.843138 1690.950692 1041.735575 1794.208848 228.814489 
F 1816.093605 1847.532242 3.725886
D C 365.191949 -288.176822 1416.042932 -461.808583 1740.212656 248.564738 1131.162798 566.096929 539.434765 592.409016 896.832075 1317.946766 
W C 1345.289993 1887.065287 357.820959 1445.445783 481.174697 662.068105 1175.000736 734.281320 1691.006121 1043.488999 1794.707493 228.650505 
F 1800.739828 1832.997927 3.721295
D C 352.208283 -286.806514 1402.944139 -457.536725 1715.534515 250.412761 1074.270361 550.046181 518.497945 594.578078 878.057323 1325.029132 
W C 1340.734691 1880.873811 350.415315 1440.258489 478.992164 662.825946 1192.390447 765.246234 1690.675867 1037.296925 1791.791516 214.498595 
F 1770.025002 1814.611231 3.727021
D C 313.817848 -287.521720 1365.241587 -463.852323 1681.805461 240.222097 1048.795301 549.244164 488.856740 592.865923 846.875786 1321.561214 
W C 1342.183435 1882.018828 351.252403 1440.365539 478.651754 665.191617 1189.310712 759.028557 1688.759490 1036.881002 1794.842206 217.514456 
F 1725.777213 1792.676684 3.726291
D C 279.166297 -282.189777 1324.096849 -454.409005 1640.489912 244.601181 1000.709109 547.765829 445.307468 586.189459 
W C 1333.680016 1874.646075 358.443259 1437.548736 481.542324 673.100835 1188.780402 774.341223 1677.553998 1051.363130 
F 1707.886089 1792.719220 3.735592
D C 260.880549 -280.411019 1277.206324 -447.095343 1622.933988 241.983548 985.390693 543.316432 432.635355 584.256493 
W C 1327.792129 1880.699805 374.814787 1441.982904 475.819913 663.180293 1185.807649 772.280580 1675.765521 1052.856417 
F 1667.295231 1766.372659 3.731667
D C 216.492447 -276.980907 1229.146512 -443.012275 1564.323434 247.983149 932.970450 544.689131 379.484530 588.210414 
W C 1325.759260 1878.528512 370.898751 1443.421582 479.277116 665.616149 1184.518883 772.746009 1679.545990 1050.687748 
F 1642.315022 1749.713379 3.732545
D C 187.879792 -278.871218 1197.837528 -440.050934 1532.859186 242.995303 902.067537 541.598425 348.568297 590.738033 
W C 1323.367957 1879.692720 372.356649 1440.431843 477.195293 668.272066 1184.126336 774.266692 1682.953765 1048.336679 
F 1613.746413 1733.856123 3.734262
D C 155.641684 -276.237104 1169.498153 -441.898303 1500.516648 242.589753 873.295753 546.441112 318.782782 593.089635 
W C 1323.928731 1879.265211 369.299580 1440.639127 479.516462 670.937536 1185.122761 771.485956 1682.132466 1048.672170 
F 1584.096730 1714.130508 3.731803
D C 124.798768 -274.143025 1131.128997 -439.339420 1465.962730 246.242816 832.856373 546.369380 280.438805 594.090356 
W C 1321.570819 1876.313265 370.844796 1443.158648 476.737175 668.718421 1186.724131 774.232586 1684.123078 1048.577081 
F 1571.800902 1705.468830 3.728055
D C 113.066641 -277.180179 1117.528380 -438.007318 1443.366653 251.563055 818.050625 551.133182 264.340302 597.551374 
W C 1317.977423 1878.010834 368.973004 1445.419320 481.986269 671.686907 1185.944761 770.673917 1685.118543 1045.209022 
F 1529.783915 1680.346265 3.731082
D C 67.270132 -274.829181 1066.321075 -436.922550 1395.640954 247.659200 770.371475 546.968766 214.821353 601.807931 
W C 1315.470472 1876.527835 370.179778 1444.548651 479.896614 672.211941 1184.474199 773.684451 1689.978936 1044.027123 
F 1523.813490 1653.737221 3.715901
D C 1026.649067 -435.456291 1364.668880 246.484100 735.591912 539.435422 184.178792 595.589215 
W C 386.371537 1454.790727 476.120117 671.822223 1187.781560 771.013846 1698.726786 1032.373203 
F 1490.758761 1633.803405 3.712335
D C 997.061288 -433.777093 1324.929452 251.920078 698.164432 545.695832 146.030288 600.499088 
W C 381.984074 1454.430936 479.653908 675.414379 1188.417645 769.830583 1698.944374 1030.324101 
F 1465.135357 1620.064961 3.716612
D C 958.193103 -434.466637 1292.666584 249.897304 666.416322 544.333463 474.700044 1317.064869 111.956560 603.833789 
W C 380.947641 1456.957161 476.308440 668.908151 1190.845053 766.346292 1796.448781 199.236320 1709.450086 1028.552076 
F 1428.497949 1606.588680 3.720595
D C -47.449152 -285.096970 925.092768 -422.884617 1257.178810 251.048680 631.481830 545.546468 438.514296 1317.143178 81.573985 604.016502 
W C 1306.930431 1883.196619 377.118163 1447.432066 472.052371 667.761806 1188.013024 767.993416 1798.246193 203.216647 1702.639819 1031.399446 
F 1400.906433 1587.187952 3.720167
D C -78.615388 -288.357905 896.049665 -426.344409 1220.355666 251.491647 601.891086 546.345025 407.108742 1316.490210 48.041726 606.725954 
W C 1304.958177 1884.252293 373.822375 1448.238078 477.369906 670.256677 1186.610277 765.649869 1796.812405 203.423673 1705.426860 1029.179411 
F 1364.720596 1557.585120 3.714897
D C 848.165498 -429.397717 1172.223624 252.841470 550.146206 540.922162 358.891479 1316.398704 -4.197478 609.568882 
W C 376.945803 1453.829281 479.131299 671.383665 1188.384589 771.054145 1795.700618 198.792869 1713.837691 1024.940040 
F 1348.192033 1550.270983 3.714882
D C 833.893415 -428.620499 1149.706065 255.377158 534.990267 545.748109 342.766034 1320.918831 -21.082084 610.876324 
W C 373.562128 1453.953547 483.948874 674.778652 1187.910664 768.239147 1795.783704 196.891338 1712.794630 1026.137316 
F 1319.587709 1533.175597 3.719224
D C 801.316947 -430.703945 1119.754508 252.331533 506.156993 542.341966 317.046138 1321.385923 -51.478464 614.447335 
W C 373.383329 1453.087774 484.227496 674.303406 1186.088778 770.428880 1795.484683 196.972760 1714.815714 1025.207181 
F 1271.056584 1506.443349 3.718530
D C 743.152146 -420.254626 1069.209237 254.767790 450.718738 543.209758 262.728725 1326.022947 -104.762248 612.180723 
W C 379.625391 1450.862371 478.923925 672.922155 1185.830644 772.943339 1797.370145 193.824885 1712.249895 1029.447251 
F 1258.354806 1496.634137 3.720219
D C 724.649632 -421.610663 1054.617741 251.290975 437.791132 541.004000 248.182316 1316.024961 -122.497199 613.430365 
W C 380.299550 1451.209917 476.508393 671.149230 1184.247251 770.542191 1795.219067 198.809114 1717.725739 1028.289549 
F 1215.784137 1470.554510 3.719992
D C 681.359721 -422.023736 1006.010262 252.794394 390.409437 540.989458 199.309990 1322.510178 -167.676649 618.853162 
W C 377.533997 1450.560341 479.087061 673.731758 1183.190349 773.351933 1797.574297 198.025338 1716.614297 1024.330630 
F 1201.845486 1464.287352 3.718595
D C 664.161008 -417.031356 990.883515 255.467244 375.076011 543.989229 182.305318 1319.353169 -184.132274 618.984800 
W C 379.185458 1450.864083 476.787488 672.558389 1183.382818 771.304106 1796.637934 199.866322 1718.006302 1025.407101 
F 1184.440712 1443.832984 3.707018
D C 632.628348 -416.436432 954.683510 261.815583 340.519242 546.020967 145.855940 1324.292013 
W C 386.141652 1457.195720 482.555029 671.593293 1189.736052 765.500145 1802.567267 182.710841 
F 1156.864474 1427.275876 3.709385
D C 599.990991 -416.410361 924.304912 259.592822 313.038312 545.715385 117.113181 1324.052952 
W C 387.049395 1457.247505 482.102599 672.075569 1188.036701 764.370547 1803.811305 183.306379 
F 1123.123769 1408.990868 3.712774
D C 565.147396 -415.806799 892.525768 259.553470 280.966175 546.627714 85.121379 1334.955603 
W C 387.975322 1455.467396 482.154576 673.168349 1185.228317 766.732420 1805.641786 181.631835 
F 1080.918960 1385.648467 3.705504
D C 518.149798 -408.877475 845.751967 268.631068 232.511550 552.890968 27.625493 1332.713710 
W C 390.151383 1457.855897 479.851400 671.077037 1185.098081 763.176745 1805.899136 184.890321 
F 1070.587648 1376.682032 3.710062
D C 506.176268 -414.773244 830.820391 263.888442 219.561915 550.227292 23.496044 1330.492550 
W C 386.569851 1457.775550 483.160283 671.829951 1187.612307 764.204653 1803.657559 183.189846 
F 1041.931804 1356.980666 3.705245
D C 477.556686 -411.319003 797.616796 264.160613 186.172886 547.956654 -17.407040 1336.686663 
W C 387.669524 1454.100221 482.478957 675.428647 1184.011643 766.503740 1806.839875 180.967392 
F 1012.708590 1341.385985 3.710169
D C 442.904101 -413.353607 768.527675 265.035624 157.588474 551.278117 -42.058401 1337.739007 
W C 387.635756 1456.631924 482.977339 672.927062 1184.803624 764.982562 1805.583281 182.458452 
F 982.629791 1321.442424 3.706116
D C 412.345904 -411.727893 732.109114 265.110129 123.555117 552.152586 -83.396249 1341.009331 
W C 387.177549 1454.675265 483.479871 676.757015 1182.658244 763.751417 1807.684335 181.816302 
F 969.386610 1313.130509 3.705417
D C 395.968263 -412.731603 718.550991 267.706394 109.548792 552.905707 -99.890805 1340.483296 
W C 388.224965 1456.767587 483.459714 674.373483 1181.746853 762.721402 1807.568469 183.137527 
F 927.138344 1286.958587 3.703590
D C 351.064494 -414.006816 669.926868 270.880564 62.847744 554.971258 -150.166841 1344.892368 
W C 386.816996 1457.352799 486.119724 675.117719 1180.295505 761.855255 1807.767775 182.674227 
F 899.177241 1268.599691 3.705165
D C 320.871856 -415.756881 639.914677 270.238569 31.890125 553.600765 -180.596267 1353.224558 
W C 386.671264 1455.638445 487.189950 676.161978 1178.393408 764.744441 1808.745378 180.455135 
F 874.064242 1254.112293 3.703473
D C 291.487658 -415.925297 611.995317 274.079263 1.291906 557.331836 -209.215102 1346.467947 
W C 386.223901 1459.013109 486.640848 672.791722 1182.270115 762.037871 1805.865137 183.157297 
F 848.825470 1234.016661 3.696211
D C 259.094975 -419.779328 579.929193 274.818474 -29.687570 560.621909 
W C 387.416880 1464.459823 484.698968 670.456268 1183.884152 752.083909 
F 807.788794 1209.398253 3.694804
D C 214.388235 -418.711983 534.276142 275.631332 -76.749410 561.936841 
W C 387.353506 1463.923306 484.152541 671.081158 1184.493953 751.995536 
F 792.567316 1202.425758 3.692481
D C 200.998016 -417.511902 520.471152 278.699670 -95.256704 567.093813 
W C 387.247248 1462.930329 483.135107 672.226069 1185.617645 751.843602 
F 751.841131 1177.875328 3.690589
D C 156.509131 -420.086310 471.195614 282.904319 -139.020977 567.964119 
W C 385.439974 1465.286644 487.654991 671.767482 1182.905036 749.945874 
F 736.290641 1171.419226 3.689196
D C 142.886470 -418.491358 452.713500 285.209613 -155.150605 572.622624 
W C 383.568212 1465.015575 489.272040 674.101692 1183.159748 747.882733 
F 699.180875 1154.127285 3.688380
D C 110.152521 -416.657507 423.567803 285.364089 
W C 383.000000 1458.000000 482.000000 682.000000 
F 658.904902 1127.749164 3.680357
D C 66.470309 -419.306970 375.425329 287.911358 
W C 383.000000 1458.000000 482.000000 682.000000 
F 642.400943 1116.452323 3.673805
D C 49.869031 -423.071010 356.260298 290.995876 
W C 383.000000 1458.000000 482.000000 682.000000 
F 601.400356 1093.490994 3.671443
D C 4.205290 -422.465557 309.209332 293.028308 
W C 383.000000 1458.000000 482.000000 682.000000 
F 587.138971 1082.580417 3.666496
D C -11.442437 -425.873336 290.836105 293.065398 
W C 383.000000 1458.000000 482.000000 682.000000 
F 560.172139 1067.203461 3.658527
D C -39.042727 -426.494455 257.847853 295.682331 
W C 383.000000 1458.000000 482.000000 682.000000 
F 516.389500 1040.713963 3.649654
D C -86.591726 -430.112971 204.860731 297.118525 
W C 383.000000 1458.000000 482.000000 682.000000 
F 502.469237 1030.873325 3.646742
D C -102.326775 -432.319743 187.059418 295.889807 
W C 383.000000 1458.000000 482.000000 682.000000 
F 460.432062 1007.949779 3.636431
D C -146.803395 -436.473382 136.950344 299.589458 
W C 383.000000 1458.000000 482.000000 682.000000 
F 449.065431 999.720846 3.649104
D C -165.715205 -434.534047 126.184598 294.977075 
W C 383.000000 1458.000000 482.000000 682.000000 
F 412.397416 973.465900 3.746824
D C 111.435439 279.259814 
W C 
F 360.862649 937.476082 3.905744
D C 87.266263 262.117254 -513.387528 1503.629032 
W C 482.000000 682.000000 1805.000000 190.000000 
F 350.959629 924.360960 3.934097
D C 78.506634 256.658458 -485.012371 1510.919783 
W C 482.000000 682.000000 1805.000000 190.000000 
F 328.076624 876.553544 4.034133
D C 53.943029 237.641100 -385.135181 1552.808349 
W C 482.000000 682.000000 1805.000000 190.000000 
F 320.248706 860.814493 4.063326
D C 43.967446 233.144154 -357.219946 1562.837461 
W C 482.000000 682.000000 1805.000000 190.000000 
F 306.346186 830.374902 4.136016
D C 28.345529 225.515430 -276.609901 1587.075286 
W C 482.000000 682.000000 1805.000000 190.000000 
F 286.244386 789.805843 4.236063
D C 12.020993 220.458221 
W C 
F 270.727899 748.384782 4.336109
D C -3.515573 218.478759 
W C 
F 258.968990 705.030478 4.431503
D C -31.532354 220.759395 
W C 
F 258.968990 705.030478 4.431503
D C 
W C 
F 255.833437 659.325366 4.615309
D C 122.149679 1605.216333 
W C 
F 261.836891 614.911102 4.813076
D C 253.502164 1583.081557 
W C 
F 275.613041 573.035813 4.996883
D C 310.651743 1567.896086 
W C 
F 267.691101 642.768619 4.744285
D C 493.474749 1497.539059 -73.528080 911.225772 
W C 1805.000000 190.000000 1191.000000 747.000000 
F 281.467499 638.613415 4.781160
D C 546.348181 1473.204068 -45.143274 905.062357 
W C 1805.000000 190.000000 1191.000000 747.000000 
F 261.915817 531.224695 4.994171
D C 718.268493 1366.333968 51.808460 899.375692 -70.699899 1510.568626 
W C 1806.310515 214.611670 1158.941771 735.815020 1723.747714 1029.573310 
F 307.142654 566.027176 5.036319
D C 821.045299 1281.252387 108.161371 882.395670 
W C 1805.000000 190.000000 1191.000000 747.000000 
F 301.622655 540.652451 5.096085
D C 865.380704 1230.705686 137.996919 879.034067 
W C 1805.000000 190.000000 1191.000000 747.000000 
F 328.979930 510.304956 5.237325
D C 990.461870 1087.728452 221.276876 842.100509 
W C 1805.000000 190.000000 1191.000000 747.000000 
F 346.378562 506.955962 5.283065
D C 1034.251045 1035.803475 249.335235 824.172658 
W C 1805.000000 190.000000 1191.000000 747.000000 
F 366.021901 464.326925 5.434444
D C 1117.876160 868.237218 321.874715 778.725599 
W C 1805.000000 190.000000 1191.000000 747.000000 
F 388.214808 454.852244 5.523921
D C 1169.404728 756.929047 368.401912 738.899923 
W C 1805.000000 190.000000 1191.000000 747.000000 
F 399.727692 440.162197 5.578575
D C 1186.406792 692.650967 388.926929 718.298363 
W C 1805.000000 190.000000 1191.000000 747.000000 
F 451.735086 424.557155 5.727318
D C 1228.074175 496.563791 441.558461 640.411649 
W C 1805.000000 190.000000 1191.000000 747.000000 
F 465.162970 422.773030 5.769876
D C 1241.771585 441.068704 458.422882 619.081502 
W C 1805.000000 190.000000 1191.000000 747.000000 
F 510.560728 408.299124 5.931286
D C 1244.928897 232.753713 503.619591 533.028475 
W C 1805.000000 190.000000 1191.000000 747.000000 
F 537.122880 403.784641 6.032555
D C 1219.636198 102.181252 521.942510 470.861995 
W C 1805.000000 190.000000 1191.000000 747.000000 
F 558.559985 289.966560 6.199509
D C 1209.007509 41.724318 528.190593 442.346110 598.352406 1583.558996 
W C 1820.531342 227.854588 1146.912087 704.250647 1319.556571 1885.894766 
F 613.918268 313.773567 6.264762
D C 1155.172114 -77.216903 513.872110 389.101239 -227.254122 1102.743807 
W C 1822.208357 210.615217 1159.590897 711.352522 397.200746 1473.032262 
F 631.183242 314.085501 6.287764
D C 1137.991659 -104.175557 504.827996 377.401994 -217.689630 1107.814165 
W C 1823.128224 210.472470 1157.914699 711.635161 397.957078 1472.892370 
F 687.534645 316.198579 6.324395
D C 1079.698079 -145.816008 471.723053 359.468493 -234.182897 1118.988366 
W C 1819.782672 210.559611 1164.020260 711.359406 395.197068 1473.080983 
F 704.245468 319.918702 6.324621
D C 1061.525910 -149.999635 458.215627 358.148233 -251.232369 1114.876820 
W C 1818.272116 209.335293 1166.830351 713.411870 393.897533 1472.252837 
F 755.120175 323.106677 0.040326
D C 1015.997001 -149.930296 411.791909 357.965245 -302.946854 1118.102132 
W C 1817.524527 209.868086 1168.159216 712.478067 393.316257 1472.653847 
F 787.344110 318.852925 0.065396
D C 985.392979 -154.693885 381.629878 355.049572 617.972320 1482.190060 -325.849673 1120.498326 
W C 1813.259228 225.938943 1156.662745 710.496984 1324.151569 1887.997203 375.926458 1451.566870 
F 806.201236 320.209289 0.050832
D C 965.414909 -154.593910 363.660232 357.562911 -338.477194 1125.192512 
W C 1818.885866 210.461508 1165.656852 711.499300 394.457281 1473.039192 
F 853.539474 325.652953 0.047799
D C 920.589334 -156.119235 865.441559 667.928426 316.435580 356.194699 -393.176801 1128.851729 
W C 1806.942496 210.509431 1709.793440 1054.352146 1161.113011 707.125698 394.151053 1466.012725 
F 886.406763 355.463276 0.015269
D C 887.638346 -156.140229 828.700772 664.267077 284.434751 355.936811 
W C 1795.326313 209.850020 1722.343667 1046.757086 1171.330020 723.392894 
F 923.039839 353.800935 0.020136
D C 850.627651 -157.714503 797.062894 663.369990 250.277445 355.933375 
W C 1794.669331 210.281611 1723.105679 1047.407479 1171.224990 722.310910 
F 955.674819 353.733568 0.025424
D C 818.464563 -162.164729 765.701108 657.408894 220.103110 357.805293 
W C 1796.444297 209.257614 1721.212811 1045.574389 1171.342891 725.167997 
F 972.259961 354.635466 0.028270
D C 802.344448 -166.659626 749.494321 655.573280 206.869088 358.082218 
W C 1796.746160 207.555135 1719.001716 1046.018016 1173.252124 726.426849 
F 1023.348736 359.007162 0.023607
D C 758.508013 -167.289318 700.788760 660.047223 156.141696 358.900558 
W C 1797.097639 207.415478 1718.699472 1045.620629 1173.202889 726.963893 
F 1041.583606 359.218926 0.023174
D C 739.349233 -167.827607 679.792483 660.240204 139.512538 359.190798 
W C 1797.057740 206.047198 1717.011811 1046.343337 1174.930450 727.609465 
F 1090.372294 361.133580 0.022566
D C 693.814456 -170.979027 631.767374 664.563288 94.667302 360.269832 
W C 1796.464497 203.939704 1714.582968 1048.147123 1177.952535 727.913173 
F 1119.369705 363.355012 0.019243
D C 666.295322 -170.717296 595.552523 658.082105 63.783855 362.603513 
W C 1800.005690 202.853708 1711.881200 1043.953165 1177.113110 733.193126 
F 1137.656851 363.633850 0.025154
D C 648.788532 -174.743431 583.089189 656.352481 47.903443 363.097585 
W C 1799.924553 203.010446 1712.111268 1043.987143 1176.964179 733.002411 
F 1185.971267 365.803950 0.025869
D C 603.703084 -176.588751 536.206128 654.369153 -0.273712 364.976088 
W C 1801.457145 202.926759 1711.404117 1041.972031 1176.138738 735.101211 
F 1219.001339 365.319924 0.024255
D C 570.075538 -174.374584 500.044282 654.067737 -32.931312 366.056580 
W C 1801.964374 202.355342 1710.476433 1041.561131 1176.559194 736.083527 
F 1250.279613 368.823162 0.022128
D C 540.642128 -176.317518 467.232869 651.647303 -64.712276 364.674936 
W C 1802.827154 202.055127 1709.745883 1040.540257 1176.426963 737.404616 
F 1283.266386 372.150621 0.084682
D C 495.003274 -211.751334 473.405725 623.177166 -72.085088 366.838245 
W C 1801.767834 200.590103 1708.301503 1042.655853 1178.930663 736.754045 
F 1303.249680 376.037820 0.121391
D C 467.340896 -233.007575 477.602377 609.074683 -76.961039 367.740379 
W C 1800.295048 199.587176 1707.591668 1045.098139 1181.113285 735.314685 
F 1347.102092 378.278610 0.313906
D C 384.092232 -301.183695 513.480643 530.275878 421.725294 1394.004568 -68.833280 368.168302 
W C 1819.054593 205.418364 1681.410187 1060.908358 1316.912466 1877.688731 1162.622754 716.984547 
F 1386.535600 401.422956 0.460797
D C 291.973531 -357.457220 542.529893 445.924095 577.044045 1315.322628 -59.012001 372.258583 
W C 1819.102916 205.601405 1682.470705 1060.514495 1316.561358 1877.430452 1161.865021 717.453647 
F 1398.987443 413.197395 0.510368
D C 255.911761 -377.348018 547.009495 414.192692 621.494665 1275.797847 -54.399064 372.678578 
W C 1819.652542 202.419448 1682.747026 1061.917042 1315.469991 1875.307268 1162.130441 721.356242 
F 1423.244815 442.001588 0.560814
D C 187.918578 -402.920969 556.490584 357.785882 -47.471356 373.155350 
W C 1799.870471 198.688805 1706.594392 1046.080003 1182.535137 735.231192 
F 1442.044951 455.240722 0.701635
D C 120.713012 -424.799382 560.134423 299.938389 791.755759 1125.999586 -41.801982 374.378029 
W C 1820.668763 200.470592 1684.087098 1065.594567 1315.908059 1872.086025 1159.336080 722.848816 
F 1460.598166 482.296550 0.804915
D C 45.290639 -442.516910 558.250519 237.772221 874.616643 1034.568369 -34.720619 373.115274 
W C 1821.709704 199.779491 1682.805574 1066.910361 1316.886578 1871.229155 1158.598144 723.080994 
F 1472.797865 500.678867 0.807909
D C 8.556777 -446.594504 556.858277 207.465473 -31.350571 374.200647 
W C 1800.556472 199.156493 1706.933788 1044.946931 1181.509740 735.896576 
F 1495.152103 536.736183 1.008216
D C -104.331224 -453.176631 534.464501 120.439120 998.448356 846.652165 194.913236 1410.597331 -20.999355 374.775782 
W C 1829.619327 199.945600 1682.133048 1063.752700 1307.727740 1859.704913 383.375749 1472.960536 1160.144136 722.636251 
F 1505.934548 563.123718 1.122274
D C -177.955874 -445.961580 512.534564 55.636645 1055.260613 725.154603 322.875931 1383.033728 -9.343279 369.313649 -318.559464 961.870797 
W C 1837.218406 202.194126 1681.552639 1058.968249 1306.121885 1854.182748 377.219415 1471.901319 1162.250888 717.936205 480.636768 695.817353 
F 1528.406712 600.947231 1.271455
D C 488.682711 -19.133660 1115.728444 575.600691 473.212108 1325.672683 13.054482 361.808044 -220.675343 993.478750 
W C 1694.631925 1073.148302 1302.203166 1865.979527 374.617771 1463.951536 1178.465712 722.928849 490.081426 684.991786 
F 1530.861015 630.563360 1.400671
D C 455.950095 -83.091402 1153.064425 425.566557 612.423598 1247.441694 33.290644 351.768659 
W C 1693.429580 1075.390372 1301.751454 1865.481211 380.476401 1463.177058 1182.342566 724.951359 
F 1518.354803 667.317570 1.581390
D C 388.347972 -177.524232 791.323034 1096.534504 58.822314 334.397752 
W C 1694.713342 1064.181540 394.649317 1460.281335 1177.637341 723.537125 
F 1518.629013 688.964527 1.655857
D C 361.425930 -204.387378 1167.844770 112.289947 848.784502 1048.892444 66.915216 327.185761 
W C 1694.997078 1073.925647 1303.345233 1865.908041 379.286856 1460.555562 1180.370832 728.610751 
F 1508.294043 718.274944 1.793156
D C 299.118695 -257.630574 1139.484554 -48.116544 958.297029 919.375225 80.360260 309.684654 
W C 1697.239066 1073.658260 1299.939293 1862.248456 378.560364 1464.534593 1182.261277 728.558691 
F 1494.860793 746.541304 1.922049
D C 230.012901 -296.147106 1093.522555 -195.816911 1039.421643 787.044561 90.972910 291.017854 
W C 1697.606621 1070.514245 1298.772326 1861.694509 377.162411 1465.245978 1184.458642 731.545269 
F 1477.272926 772.200664 2.055627
D C 160.046856 -329.855281 1025.614280 -344.954960 1108.005503 642.328695 100.259929 272.911828 
W C 1698.228042 1072.572285 1301.529054 1858.606363 374.072442 1464.764813 1184.170461 733.056540 
F 1465.798277 780.965252 2.117494
D C 126.186698 -345.156729 988.025279 -411.939258 1127.341851 564.184714 103.492464 264.049847 
W C 1699.578906 1073.875133 1300.853472 1860.057908 376.658858 1463.931270 1180.908764 731.135689 
F 1434.233836 808.346541 2.297793
D C 20.975655 -374.352809 861.313926 -589.978237 1181.179072 351.370808 111.566278 238.236147 
W C 1703.038631 1075.848972 1301.091090 1855.857533 374.673905 1464.783491 1179.196375 732.510004 
F 1404.673982 829.937453 2.386184
D C -50.084406 -379.628803 773.325580 -670.207922 1165.116453 240.107916 99.597527 227.024058 
W C 1705.077905 1074.964258 1299.902802 1860.632535 379.321430 1461.655862 1173.697863 731.747344 
F 1375.437355 853.521020 2.428611
D C -106.273760 -380.589766 702.324716 -696.982265 1136.030962 194.408535 558.778582 694.863973 69.393441 221.986198 
W C 1710.199053 1075.495057 1298.835683 1856.392533 372.688836 1459.370604 483.790588 690.766383 1174.485840 728.975423 
F 1361.055017 894.566710 2.487085
D C 638.157187 -720.612220 1103.752611 147.302678 549.755136 679.364441 42.037314 219.214106 
W C 1291.885379 1877.133323 373.221920 1462.572522 491.526483 685.506560 1190.366218 742.787596 
F 1322.562528 927.950955 2.494267
D C 583.887210 -723.861676 1055.982008 144.226167 505.851734 678.768052 -5.645500 223.150821 
W C 1292.682950 1877.905039 372.820961 1461.176339 491.858968 686.363451 1189.637121 742.555171 
F 1309.464095 938.577132 2.493973
D C 568.036094 -722.169257 1029.463580 143.822906 487.792351 675.932736 -21.723480 225.929862 
W C 1291.649440 1882.134362 377.050580 1458.676605 491.039685 687.145122 1187.260295 740.043910 
F 1276.577400 954.477944 2.485472
D C 539.242900 -725.946412 994.309313 145.137121 452.116374 682.264530 
W C 1292.528823 1879.924859 379.565988 1457.615609 483.905189 683.459532 
F 1254.613189 976.344685 2.491203
D C 502.078846 -721.116187 959.535501 143.069162 423.804316 679.568182 
W C 1292.755898 1880.027183 379.375549 1457.194369 483.868552 683.778448 
F 1227.908337 997.739507 2.489077
D C 472.728538 -720.602197 927.442506 144.106645 389.913884 684.589180 
W C 1291.493191 1880.306861 381.469586 1458.358737 483.037222 682.334402 
F 1204.508850 1018.015220 2.494404
D C 439.715001 -722.294171 894.628769 141.820326 365.499739 685.037164 
W C 1291.507047 1882.124434 383.667790 1455.813254 480.825162 683.062312 
F 1174.441196 1039.696724 2.490379
D C 407.972947 -724.081510 862.294761 144.842625 327.460685 688.225367 
W C 1291.475792 1881.675471 383.163164 1456.478446 481.361044 682.846084 
F 1137.713126 1071.463628 2.487686
D C 363.351811 -720.510096 813.029814 149.425173 278.921990 692.802752 
W C 1291.011354 1882.432114 384.732115 1455.988341 480.256531 682.579545 
F 1123.988952 1079.381736 2.488959
D C 347.883267 -722.621085 793.069998 145.756797 265.768559 690.520878 
W C 1290.448144 1884.165005 387.632538 1454.235502 477.919318 682.599493 
F 1096.592123 1101.941615 2.490048
D C 313.249543 -723.119405 758.457342 146.624386 232.963990 692.644612 
W C 1290.457307 1884.795467 388.391012 1453.331274 477.151680 682.873258 
F 1056.220821 1131.651880 2.490712
D C 264.356840 -723.091606 708.254590 143.693787 184.149426 692.160384 
W C 1289.572128 1884.991293 389.861421 1454.126383 476.566451 681.882324 
F 1042.992132 1142.487164 2.489301
D C 248.964681 -721.926527 691.168977 144.648469 166.363119 693.368747 
W C 1289.223996 1885.012931 390.372167 1454.516052 476.403837 681.471016 
F 1003.859701 1173.794162 2.489890
D C 200.777174 -723.404513 644.253861 145.179647 118.282355 697.476348 
W C 1288.788413 1885.154986 391.152098 1454.838870 476.059489 681.006145 
F 991.889028 1201.488823 2.512032
D C 625.392873 146.990491 103.326752 700.189843 
W C 383.000000 1458.000000 482.000000 682.000000 
F 967.021841 1205.261469 2.492723
D C 153.410397 -721.981205 592.589720 145.048603 75.101823 701.658863 
W C 1287.731125 1887.377405 395.346532 1452.927193 472.922343 680.695403 
F 927.208840 1251.248812 2.513928
D C 548.158552 148.522129 25.420731 704.541543 
W C 383.000000 1458.000000 482.000000 682.000000 
F 913.315096 1243.231055 2.486487
D C 94.804738 -727.393288 530.308292 145.433511 5.959151 704.879573 
W C 1286.814009 1887.317033 396.550132 1454.106870 472.635859 679.576097 
F 882.161699 1261.829034 2.593573
D C -17.379692 -730.293226 501.230844 85.775439 46.653616 697.942469 
W C 1285.565869 1888.690626 399.975309 1453.599994 470.458822 678.709380 
F 870.273967 1264.190782 2.653463
D C -69.507287 -734.455162 488.160129 51.475948 80.786046 694.315933 
W C 1283.735955 1891.858375 406.422660 1451.111420 465.841385 678.030205 
F 848.019842 1263.984562 2.806568
D C -201.214138 -720.592191 470.107157 -31.424078 163.903326 665.102022 
W C 1283.847100 1891.126888 405.367447 1452.058988 466.785453 677.814124 
F 824.994080 1267.117831 2.950024
D C -325.258953 -689.038762 438.127291 -100.866535 236.417651 637.489896 
W C 1282.823119 1891.618494 407.402569 1452.525741 465.774312 676.855765 
F 789.207264 1286.409727 3.161470
D C 394.844873 -176.118916 312.921231 586.491999 
W C 383.000000 1458.000000 482.000000 682.000000 
F 753.835245 1271.607833 3.402202
D C 305.444661 -271.350357 408.111658 491.859371 
W C 383.000000 1458.000000 482.000000 682.000000 
F 744.263113 1263.251556 3.477842
D C 272.623625 -298.495568 432.769744 455.235417 
W C 383.000000 1458.000000 482.000000 682.000000 
F 734.880004 1254.408864 3.648536
D C 197.608108 -343.293482 477.475457 375.567488 -139.434532 636.958669 
W C 382.962359 1466.100565 491.145369 673.644507 1181.892272 747.254928 
F 722.243602 1237.498731 3.801119
D C 121.565733 -374.749298 509.405920 295.310844 -59.758717 642.180085 
W C 383.939510 1467.749186 492.039051 670.867707 1180.021439 748.383107 
F 710.337340 1215.345177 3.945070
D C 44.378261 -397.451152 526.582384 212.920156 9.384754 643.192407 
W C 383.591709 1466.910106 491.426235 672.116551 1180.982056 747.973343 
F 701.586429 1180.413489 4.174022
D C -79.594083 -408.287027 527.602468 77.012960 122.168145 616.597074 
W C 382.889705 1466.137215 491.263101 673.686391 1181.847193 747.176394 
F 685.622299 1170.958636 4.273353
D C -117.076988 -404.856022 518.375222 38.628544 154.205335 601.850521 -301.769333 992.121096 
W C 367.962624 1449.870635 499.678146 683.845588 1166.307103 774.345986 1715.052127 1021.937791 
F 670.782578 1130.567274 4.507536
D C 484.221814 -80.589823 250.465718 552.388844 -114.788007 1028.039971 
W C 491.885424 669.019326 1164.785811 769.965806 1709.328764 1033.014868 
F 678.609299 1116.389780 4.589219
D C 463.662929 -129.470646 284.945436 522.423492 -44.951706 1027.955117 
W C 492.246730 669.971651 1164.433339 767.720456 1709.319931 1034.307893 
F 685.037800 1093.401876 4.730420
D C 417.574966 -200.257457 332.506889 472.876408 77.378445 1016.860175 
W C 491.352250 670.121410 1166.291411 767.811539 1708.356339 1034.067051 
F 708.317390 1054.614905 4.890079
D C 340.722495 -282.708494 370.545613 401.952146 195.798509 988.218230 
W C 491.908191 672.154703 1166.004827 763.137332 1708.086982 1036.707965 
F 708.251462 1036.501735 4.898110
D C 319.287418 -281.900071 353.496498 402.863825 185.710686 984.759524 
W C 490.855801 671.822475 1167.985114 764.349642 1707.159084 1035.827882 
F 719.060532 981.752532 4.961391
D C 240.580433 -305.860480 991.260143 835.342456 326.955817 374.930631 198.691855 971.515150 
W C 477.330603 667.244288 1793.322609 212.311544 1171.595188 752.931812 1728.751599 1029.512357 
F 724.841776 960.147040 4.972654
D C 214.011108 -309.395678 977.878170 824.065365 314.115439 371.561530 186.272308 971.363607 
W C 476.443153 668.445176 1792.114230 213.755399 1172.831230 748.394337 1729.611388 1031.405089 
F 729.833294 928.081889 4.978397
D C 178.788802 -306.238292 951.195518 821.751840 285.855581 373.904711 158.425766 970.268821 
W C 476.466922 670.087798 1793.299965 212.528752 1174.328927 747.073085 1726.904185 1032.310366 
F 741.590348 878.580820 4.979503
D C 128.946084 -302.744442 907.047923 823.340188 235.673898 375.332481 106.965676 971.189720 
W C 478.869091 670.538405 1794.170544 208.916391 1173.626663 747.972781 1724.333702 1034.572424 
F 743.909276 864.132590 4.980431
D C 113.701506 -302.347733 889.953442 822.889569 222.330673 376.796128 94.948438 971.496171 
W C 477.195960 670.588225 1793.880180 210.977149 1174.652903 747.220906 1725.270957 1033.213720 
F 762.115061 816.718726 4.978657
D C 66.026762 -310.735660 840.010480 820.873098 174.563514 375.756284 44.122667 974.001124 
W C 475.348319 669.010647 1790.716804 213.142290 1176.862023 746.108324 1728.072855 1033.738739 
F 771.823655 785.533654 4.976913
D C 33.052131 -313.442162 805.293021 821.486242 142.719155 377.710860 11.177436 970.060607 
W C 473.193185 669.848618 1791.437025 213.971229 1180.181506 745.903086 1726.188284 1032.277067 
F 775.497171 770.519575 4.976895
D C 19.535104 -314.123920 787.044529 817.793317 126.445220 379.797102 -3.702463 969.757638 
W C 471.934847 667.688530 1788.869379 214.627948 1182.476308 747.345752 1727.719466 1032.337769 
F 795.414648 720.986953 4.976381
D C -32.470082 -322.020182 739.557242 817.206490 75.539645 375.215770 -57.420676 971.422061 
W C 472.491673 667.713698 1788.313976 214.666974 1181.631635 746.252375 1728.562715 1033.366953 
F 798.431648 706.003610 4.978768
D C -47.536809 -322.131396 722.749016 813.560119 62.651695 376.441048 -69.550953 973.636650 
W C 471.043592 666.571506 1785.934898 216.773881 1182.908452 745.146786 1731.113058 1033.507826 
F 829.736858 669.919729 5.012861
D C -112.283736 -327.182207 725.757846 768.138501 37.199105 368.920002 
W C 475.886712 680.580137 1800.468301 193.118627 1201.644987 745.301236 
F 827.480052 639.871640 5.081059
D C 737.433485 716.223328 29.685231 360.827471 
W C 1805.000000 190.000000 1191.000000 747.000000 
F 845.918262 611.359915 5.147513
D C 748.995299 659.203671 21.391618 352.510627 
W C 1805.000000 190.000000 1191.000000 747.000000 
F 861.457027 585.304977 5.207674
D C 758.731572 612.014250 13.684554 349.509981 
W C 1805.000000 190.000000 1191.000000 747.000000 
F 870.600274 568.763530 5.240777
D C 758.229720 585.184728 7.218044 348.214086 
W C 1805.000000 190.000000 1191.000000 747.000000 
F 902.879211 534.585100 5.334653
D C 770.614415 508.926000 -4.457470 342.289159 
W C 1805.000000 190.000000 1191.000000 747.000000 
F 910.869832 520.575142 5.373003
D C 766.619842 476.424997 -6.533252 340.982872 
W C 1805.000000 190.000000 1191.000000 747.000000 
F 947.702284 456.402352 5.524165
D C 760.469900 392.323959 151.505954 927.888863 -23.064441 337.439950 
W C 1797.117912 209.630391 1721.422972 1044.494946 1170.459116 725.874663 
F 972.585226 439.060319 5.589167
D C 755.625418 338.403338 180.421926 910.610798 -30.368599 337.570071 
W C 1797.942911 208.005365 1719.115530 1044.206577 1171.941558 727.788059 
F 985.818460 432.625715 5.648253
D C 757.716213 290.267450 220.034409 892.875905 -24.935207 334.617674 
W C 1798.148939 208.598110 1719.769594 1043.638648 1171.081468 727.763242 
F 1028.755502 417.913267 5.791975
D C 753.565630 172.243551 303.499130 850.232906 -19.547026 330.689459 
W C 1798.286892 207.836458 1718.777434 1043.832144 1171.935674 728.331397 
F 1060.875043 411.810965 5.879963
D C 738.400721 98.544187 347.550245 819.398277 -20.252118 325.653485 
W C 1797.389662 207.538226 1718.743668 1045.172536 1172.866670 727.289238 
F 1088.025070 408.217924 5.970457
D C 717.293592 26.958164 393.307549 776.878591 -18.013978 321.495718 
W C 1798.320647 207.684438 1718.576622 1043.862221 1172.102731 728.453341 
F 1120.939258 407.010342 6.063270
D C 686.276564 -47.989132 429.070195 732.292971 -16.847539 318.149979 
W C 1798.329876 205.068892 1715.314413 1045.127541 1175.355711 729.803567 
F 1134.026164 408.092399 6.103090
D C 674.088755 -78.432545 446.237446 710.674408 -17.789037 317.481182 
W C 1799.768829 205.121069 1714.831178 1043.182181 1174.399994 731.696750 
F 1180.315367 413.243504 6.256315
D C 609.599736 -186.464237 504.566340 627.448837 -14.539018 310.639539 
W C 1800.142295 205.282278 1714.888347 1042.604330 1173.969358 732.113392 
F 1208.784916 398.335301 6.403775
D C 563.888160 -251.519973 530.602846 579.130660 277.616298 1401.162286 -14.382297 307.291064 
W C 1821.266588 209.562758 1683.242789 1061.373337 1319.898031 1876.867948 1155.592592 713.195957 
F 1247.073736 430.139998 6.392311
D C 514.487234 -280.616763 518.609775 548.894011 -35.672836 302.635574 
W C 1799.831420 202.795441 1711.874690 1044.213957 1177.293889 732.990602 
F 1284.401002 438.011875 6.448463
D C 461.958157 -312.282544 514.217295 521.348176 -55.656526 302.829933 
W C 1798.854843 202.597078 1711.996508 1045.611978 1178.148649 731.790944 
F 1285.114196 406.155195 6.520388
D C 438.450687 -324.667797 505.407613 512.416327 343.019578 1356.066680 
W C 1813.372411 182.697165 1674.996113 1054.649669 1300.631476 1876.653166 
F 1347.785833 434.934415 6.502396
D C 383.749022 -330.522574 458.127361 506.228094 
W C 1805.000000 190.000000 1693.000000 1043.000000 
F 1357.556344 424.707544 0.244067
D C 366.454330 -329.595229 439.937206 510.783486 282.247176 1358.814129 
W C 1813.215270 182.584907 1675.260325 1054.903440 1300.524404 1876.511653 
F 1409.309675 437.124474 0.246471
D C 314.089474 -329.403472 389.581262 509.579939 234.175692 1355.622453 
W C 1813.190918 182.378000 1675.242792 1055.306981 1300.566290 1876.315019 
F 1451.548449 458.331713 0.221204
D C 281.434493 -333.964584 358.080939 509.246676 
W C 1805.000000 190.000000 1693.000000 1043.000000 
F 1460.669291 449.508810 0.248912
D C 264.323925 -331.836092 342.209906 512.985718 188.268467 1362.508786 
W C 1813.293076 181.859303 1674.888007 1056.280042 1300.818917 1875.860655 
F 1520.968398 470.939831 0.225616
D C 211.293064 -333.115245 291.925787 512.547112 
W C 1805.000000 190.000000 1693.000000 1043.000000 
F 1570.930045 482.204926 0.220571
D C 162.411815 -332.131081 238.783254 513.992335 
W C 1805.000000 190.000000 1693.000000 1043.000000 
F 1590.068345 484.272693 0.222038
D C 143.543090 -331.361356 221.429388 517.627304 
W C 1805.000000 190.000000 1693.000000 1043.000000 
F 1609.982780 487.644346 0.280530
D C 109.745602 -338.311514 205.459180 510.331528 87.157674 1366.890748 
W C 1816.732820 181.653498 1668.267474 1055.875027 1303.999706 1876.471475 
F 1641.036889 505.252879 0.352216
D C 51.701784 -354.199979 204.836020 495.568757 152.234906 1344.296425 
W C 1818.734236 177.772993 1663.208236 1062.964146 1307.057528 1873.262862 
F 1669.365690 525.687745 0.411824
D C -1.975542 -366.790134 201.735064 479.707331 201.048591 1334.046571 
W C 1819.302740 177.323741 1661.972969 1063.722180 1307.724291 1872.954080 
F 1714.653311 554.756412 0.515082
D C -89.330748 -367.341829 193.627808 452.636576 287.477112 1303.452579 
W C 1821.416038 178.569399 1658.314372 1060.866579 1309.269590 1874.564022 
F 1733.507278 564.302498 0.491708
D C -114.862910 -367.440787 192.250968 445.632146 
W C 1805.000000 190.000000 1693.000000 1043.000000 
F 1733.507278 564.302498 0.491708
D C 188.603157 433.515070 
W C 
F 1830.069337 593.402340 0.700141
D C 180.154461 421.140431 -535.568296 1552.995223 
W C 1693.000000 1043.000000 383.000000 1458.000000 
F 1852.166113 616.864189 0.807704
D C 191.538886 396.272372 -394.317348 1589.829497 
W C 1693.000000 1043.000000 383.000000 1458.000000 
F 1858.739135 629.499435 0.849861
D C 195.380825 385.924910 -341.558622 1607.445847 
W C 1693.000000 1043.000000 383.000000 1458.000000 
F 1887.509836 675.520707 0.998418
D C 197.835132 352.357913 -152.712040 1641.076596 
W C 1693.000000 1043.000000 383.000000 1458.000000 
F 1887.509836 675.520707 0.998418
D C 201.793189 323.574408 
W C 
F 1913.388244 743.059071 1.179031
D C 186.672550 307.674137 73.908861 1631.526806 
W C 1693.000000 1043.000000 383.000000 1458.000000 
F 1931.441374 785.432336 1.227777
D C 156.697522 300.312940 108.663907 1625.622256 
W C 1693.000000 1043.000000 383.000000 1458.000000 
F 1938.910102 838.745076 1.277198
D C 777.903236 870.252330 142.759626 297.681029 130.466158 1647.676124 
W C 1316.071190 1859.715929 1689.290146 1067.023388 361.638664 1455.260682 
F 1955.565210 888.439449 1.296685
D C 744.545259 853.793721 91.712717 296.576520 108.980712 1630.361679 
W C 1315.036245 1867.093943 1686.418809 1062.484905 365.544946 1452.421152 
F 1982.502737 906.191843 1.386297
D C 769.055197 794.209918 75.273212 286.462875 
W C 1291.000000 1881.000000 1693.000000 1043.000000 
F 1979.604321 947.497362 1.463154
D C 796.134462 731.622499 59.803017 275.164557 
W C 1291.000000 1881.000000 1693.000000 1043.000000 
F 1982.741248 987.968352 1.529611
D C 798.876520 673.219314 39.819435 269.834897 
W C 1291.000000 1881.000000 1693.000000 1043.000000 
F 1958.769755 1021.739865 1.545276
D C 806.741790 646.665273 27.064044 268.406107 -373.545908 1412.956370 
W C 1307.281326 1878.407962 1680.186512 1057.031874 478.532162 670.560164 
F 1956.472909 1078.840466 1.643635
D C 816.629478 568.580200 474.015344 1516.351719 -0.199012 265.368346 
W C 1313.411219 1872.359965 368.761114 1450.825825 1684.827667 1058.814211 
F 1957.433086 1114.403775 1.726404
D C 572.351394 1473.583357 -28.996853 267.124110 
W C 383.000000 1458.000000 1693.000000 1043.000000 
F 1912.121522 1182.032378 1.787261
D C 817.801709 457.478408 599.225895 1437.227263 
W C 1291.000000 1881.000000 383.000000 1458.000000 
F 1894.560850 1216.855305 1.856700
D C 813.001111 394.470786 662.212489 1391.774505 
W C 1291.000000 1881.000000 383.000000 1458.000000 
F 1872.347750 1252.609218 1.917742
D C 801.175730 338.339767 710.707160 1351.950340 
W C 1291.000000 1881.000000 383.000000 1458.000000 
F 1881.924679 1260.916480 1.980946
D C 783.566053 281.027459 764.499900 1295.640399 35.148969 1476.956817 
W C 1302.105966 1877.706681 363.618568 1448.501440 490.275465 694.791879 
F 1855.920012 1295.437476 2.066256
D C 764.458089 209.647531 833.165308 1216.344667 116.093437 1466.160931 
W C 1299.448476 1877.270374 366.753993 1452.544557 489.797531 691.185069 
F 1854.333581 1294.354429 2.083927
D C 750.447417 188.575512 850.129488 1201.167067 138.687294 1465.452092 -131.688730 814.548552 
W C 1310.414032 1867.411963 359.667559 1448.518819 481.180261 683.160171 1195.738148 768.909048 
F 1833.690081 1324.176508 2.157146
D C 727.137140 133.639125 899.230033 1132.387455 210.029474 1454.132579 -106.786040 819.320331 
W C 1309.184851 1867.138552 362.462013 1449.212435 478.204045 681.221944 1197.149091 770.427068 
F 1812.705707 1350.127749 2.223262
D C 698.315448 82.313167 944.476779 1076.377078 270.338142 1433.509642 -81.955143 825.755496 
W C 1313.582712 1865.071318 355.564259 1449.008019 483.589885 681.540213 1194.263144 772.380450 
F 1788.733994 1379.607419 2.288665
D C 666.590783 37.350270 967.423346 1005.219297 325.452282 1413.645536 -64.304886 828.626227 
W C 1311.200199 1868.307613 362.597257 1448.645853 479.928802 678.831607 1193.273742 772.214927 
F 1755.751885 1412.008062 2.381903
D C 622.523019 -24.373982 1014.097945 914.852062 411.663026 1375.960691 -33.917203 834.251995 
W C 1311.503233 1868.348142 360.028876 1447.882101 481.914519 681.980709 1193.553371 769.789049 
F 1741.133255 1422.154570 2.422436
D C 604.593063 -51.607696 1023.529817 862.536355 449.299096 1363.479990 -13.306599 826.951771 
W C 1309.834336 1870.083322 369.730183 1448.093476 474.289017 674.226083 1193.146464 775.597120 
F 1712.504501 1443.823751 2.483942
D C 568.714690 -89.280812 1040.744679 798.140645 498.150158 1330.703444 -0.623346 831.187266 
W C 1307.651764 1871.980351 370.024718 1448.421124 476.367148 677.506286 1192.956370 770.092239 
F 1686.986243 1460.711511 2.553179
D C 527.910121 -130.094665 1061.646589 724.757849 555.890505 1288.538005 29.853584 827.399098 
W C 1310.435884 1872.470750 367.875576 1446.742662 478.482200 677.384371 1190.206340 771.402216 
F 1660.881099 1474.597263 2.612086
D C 489.761202 -161.387968 1074.047369 658.378537 599.709345 1250.508284 49.926623 822.736528 
W C 1310.355845 1871.865444 366.840578 1448.184328 480.154994 676.975321 1189.648583 770.974907 
F 1606.684183 1494.566126 2.683725
D C 424.885408 -203.763344 1063.579083 573.726348 634.128304 1206.277387 54.498693 815.305561 
W C 1308.890158 1873.742576 371.067778 1449.044516 479.120551 674.270091 1187.921513 770.942816 
F 1593.860357 1502.994256 2.679678
D C 408.369671 -202.043688 1043.347635 583.648835 616.187649 1207.910916 36.897996 814.517622 
W C 1311.541322 1874.800775 370.318910 1444.075703 477.069716 676.404566 1188.070052 772.718956 
F 1566.238244 1517.446406 2.677919
D C 380.022519 -201.264645 1007.728174 584.196307 584.256004 1208.759836 4.390897 815.238175 
W C 1309.872402 1876.497374 373.484129 1443.762786 475.495086 676.351293 1188.148382 771.388546 
F 1549.197503 1523.384087 2.653375
D C 962.184938 581.716195 529.816335 1207.671097 -43.483420 821.143598 
W C 387.189031 1458.755214 478.533657 676.620696 1190.277312 751.624089 
F 1505.293256 1551.203918 2.680893
D C 314.837194 -199.037820 943.096229 578.107012 513.741632 1211.217699 -58.854675 823.900557 
W C 1306.821910 1877.592834 375.352529 1450.127995 481.113422 672.772273 1183.712139 767.506898 
F 1461.026331 1576.471848 2.681939
D C 265.659822 -197.982921 891.435698 580.894480 465.265596 1208.854836 -107.965372 828.368800 
W C 1306.679193 1879.807524 375.620914 1447.935718 481.786296 675.603846 1182.913597 764.652912 
F 1472.084071 1581.709060 2.665038
D C 869.835192 582.149337 450.987170 1216.067256 -123.812181 830.382885 
W C 390.503769 1458.700703 475.149760 673.048500 1190.346471 755.250797 
F 1425.018087 1606.869379 2.666335
D C 819.720953 578.232783 394.980930 1211.129405 -171.449788 831.954949 
W C 388.597513 1461.782670 480.481605 671.936637 1186.920882 753.280694 
F 1396.551065 1628.729581 2.673775
D C 786.820185 577.002916 369.775834 1208.892676 -199.207038 836.031921 
W C 388.336605 1460.918020 479.775788 673.118956 1187.887608 752.963024 
F 1386.537440 1636.382190 2.709295
D C 791.867194 547.739959 397.580467 1194.192308 -178.863616 841.769341 
W C 388.938757 1462.218809 480.629458 671.110946 1186.431786 753.670244 
F 1351.923367 1645.177720 2.783875
D C 800.477683 487.311209 456.326045 1164.266632 -151.379429 853.072815 
W C 389.450494 1460.943351 478.687701 671.873303 1187.861805 754.183346 
F 1319.021821 1661.094697 2.844272
D C 792.453810 440.112232 486.279388 1136.757369 -131.592396 864.373889 
W C 388.819510 1463.176410 481.829360 670.249221 1185.351130 753.574369 
F 1269.080776 1670.810465 2.949280
D C 783.915917 353.964477 551.775749 1073.495469 -89.183976 871.381330 
W C 387.493356 1462.703024 482.629542 672.191961 1185.877102 752.105015 
F 1246.650907 1676.078413 2.992679
D C 773.219913 320.957750 577.430685 1050.987392 -73.085059 872.343816 
W C 389.820450 1462.274691 479.811403 670.088083 1186.368147 754.637226 
F 1208.567240 1676.134822 3.060899
D C 760.319639 264.817810 611.305594 1007.555319 -49.073405 875.813742 
W C 388.469258 1462.825129 481.783875 670.996622 1185.746867 753.178249 
F 1159.057771 1679.670039 3.065209
D C 717.708428 259.895376 567.339436 1010.470372 -90.046018 879.803998 
W C 388.032127 1465.414172 485.168703 668.794743 1182.799170 752.791085 
F 1138.080366 1682.232720 3.070488
D C 700.201155 258.426319 553.835880 1008.042251 -106.809611 882.828925 
W C 387.458380 1464.387127 484.574172 670.486057 1183.967448 752.126816 
F 1086.576233 1689.524490 3.066795
D C 647.315738 264.051407 502.096368 1014.834617 -159.485604 882.998298 
W C 389.477345 1464.289647 482.434722 668.376347 1184.087933 754.334006 
F 1064.873040 1690.764427 3.071149
D C 631.598581 262.171804 485.785289 1012.954915 -177.381460 888.274790 
W C 387.427306 1464.004539 484.170216 670.916194 1184.402478 752.079266 
F 1032.361034 1694.939069 3.067050
D C 597.278844 265.291620 449.360124 1015.795768 -211.259998 886.615773 
W C 388.156665 1464.556807 484.063147 669.545579 1183.780188 752.897614 
F 981.339320 1701.105019 3.069039
D C 549.514254 266.626105 400.981965 1013.895620 -258.775588 889.850865 
W C 386.627929 1464.130471 485.123727 671.661726 1184.248344 751.207803 
F 962.717965 1703.982940 3.073780
D C 534.727307 265.559093 387.742232 1016.727473 -272.378105 895.492137 
W C 386.295826 1464.928772 486.371758 671.199413 1183.332415 750.871815 
F 900.814131 1695.755465 3.068136
D C 487.398996 268.737959 335.324526 1017.603384 
W C 383.000000 1458.000000 482.000000 682.000000 
F 867.781542 1695.419813 3.068564
D C 455.361299 265.850168 303.606320 1014.787182 
W C 383.000000 1458.000000 482.000000 682.000000 
F 846.952942 1702.422187 3.076554
D C 436.221294 267.398576 290.623043 1016.661434 
W C 383.000000 1458.000000 482.000000 682.000000 
F 801.537294 1706.110272 3.068497
D C 389.409922 271.127577 237.852026 1018.835235 
W C 383.000000 1458.000000 482.000000 682.000000 
F 783.965056 1707.961757 3.066291
D C 372.029579 272.822375 218.639548 1021.085034 
W C 383.000000 1458.000000 482.000000 682.000000 
F 737.672935 1710.356546 3.065898
D C 327.818056 272.832498 173.597099 1023.651170 
W C 383.000000 1458.000000 482.000000 682.000000 
F 720.574536 1711.188694 3.063388
D C 311.101940 273.806179 154.626270 1026.013877 
W C 383.000000 1458.000000 482.000000 682.000000 
F 683.243979 1715.935413 3.065190
D C 274.981828 275.394581 119.693121 1028.702914 
W C 383.000000 1458.000000 482.000000 682.000000 
F 642.442096 1718.984273 3.073243
D C 236.508266 272.897240 87.577311 1025.983297 
W C 383.000000 1458.000000 482.000000 682.000000 
F 646.078201 1720.993611 3.073187
D C 238.938640 273.998536 90.573531 1024.002166 
W C 383.000000 1458.000000 482.000000 682.000000 
F 648.797584 1722.477061 3.070857
D C 240.127935 275.362337 90.465092 1022.776183 
W C 383.000000 1458.000000 482.000000 682.000000 
F 649.330206 1722.765690 3.070402
D C 239.533287 274.680437 90.132998 1019.021610 
W C 383.000000 1458.000000 482.000000 682.000000 
F 645.549385 1720.703224 3.073640
D C 238.703911 273.729364 90.593863 1024.232038 
W C 383.000000 1458.000000 482.000000 682.000000 
F 645.328521 1720.581757 3.073830
D C 238.672614 273.693475 90.627751 1024.615157 
W C 383.000000 1458.000000 482.000000 682.000000 
F 646.591337 1721.274791 3.072747
D C 239.235964 274.339486 90.580309 1024.078790 
W C 383.000000 1458.000000 482.000000 682.000000 
