D C 364.02318342017395 -289.07118145399846 364.02318342017395 -289.07118145399846 1416.761702747034 -466.85668853442075 1416.761702747034 -466.85668853442075 1747.1431813601137 244.08751744515789 1747.1431813601137 244.08751744515789 1132.0800236904631 562.2195478289605 1132.0800236904631 562.2195478289605 540.2630676105417 589.674384958383 540.2630676105417 589.674384958383 900.861166301599 1315.174389453628 900.861166301599 1315.174389453628 
D C 365.21049012529187 -290.01402292022595 365.21049012529187 -290.01402292022595 1417.5215132734115 -467.1070641802125 1417.5215132734115 -467.1070641802125 1744.39212136553 243.7031760748657 1744.39212136553 243.7031760748657 1131.5575711478843 561.9600846937547 1131.5575711478843 561.9600846937547 542.7287883942597 592.3656153492527 542.7287883942597 592.3656153492527 901.6381970260809 1316.3087827951153 901.6381970260809 1316.3087827951153 
D C 365.2357519700816 -290.0340833769542 365.2357519700816 -290.0340833769542 1419.516015905153 -467.7643002504158 1419.516015905153 -467.7643002504158 1745.0523757642302 243.79541800373582 1745.0523757642302 243.79541800373582 1133.1995648531317 562.7755402615445 1133.1995648531317 562.7755402615445 543.4381053320417 593.1398049137496 543.4381053320417 593.1398049137496 903.7573717292133 1319.402582817354 903.7573717292133 1319.402582817354 
D C 365.4378467283995 -290.19456703078015 365.4378467283995 -290.19456703078015 1418.0913711681949 -467.2948459145562 1418.0913711681949 -467.2948459145562 1741.3109341715965 243.27271374013844 1741.3109341715965 243.27271374013844 1131.7068433029067 562.0342170180991 1131.7068433029067 562.0342170180991 542.5261264120363 592.1444183308251 542.5261264120363 592.1444183308251 901.3556403989966 1315.8962761254836 901.3556403989966 1315.8962761254836 
D C 364.2000163337022 -289.2116046510962 364.2000163337022 -289.2116046510962 1420.1808501157336 -467.98337894048353 1420.1808501157336 -467.98337894048353 1742.74148536878 243.47257125269041 1742.74148536878 243.47257125269041 1131.0351186053056 561.7006215585487 1131.0351186053056 561.7006215585487 539.0133187201641 588.3103366780791 539.0133187201641 588.3103366780791 902.2739494370206 1317.236922801787 902.2739494370206 1317.236922801787 
D C 364.25054002328164 -289.25172556455266 364.25054002328164 -289.25172556455266 1414.8621764310897 -466.2307494199414 1414.8621764310897 -466.2307494199414 1744.5021637653133 243.7185497296774 1744.5021637653133 243.7185497296774 1132.2292958454857 562.293680153305 1132.2292958454857 562.293680153305 539.8239666490576 589.1951247517898 539.8239666490576 589.1951247517898 901.0730837719123 1315.4837694558519 901.0730837719123 1315.4837694558519 
D C 363.7958268170663 -288.8906373434443 363.7958268170663 -288.8906373434443 1418.8511816945727 -467.54522156034807 1418.8511816945727 -467.54522156034807 1739.0000437761464 242.94986698909304 1739.0000437761464 242.94986698909304 1134.841558558379 563.5909958293344 1134.841558558379 563.5909958293344 541.4790395038821 591.0015670689489 541.4790395038821 591.0015670689489 901.5675578693098 1316.2056561277075 901.5675578693098 1316.2056561277075 
D C 364.09896895454324 -289.1313628241832 364.09896895454324 -289.1313628241832 1418.1863474839922 -467.32614287028025 1418.1863474839922 -467.32614287028025 1741.200891771813 243.25734008532677 1741.200891771813 243.25734008532677 1134.543014248334 563.4427311806453 1134.543014248334 563.4427311806453 542.6612344001852 592.2918830097768 542.6612344001852 592.2918830097768 901.6381970260809 1316.3087827951153 901.6381970260809 1316.3087827951153 
D C 364.32632555765093 -289.3119069347374 364.32632555765093 -289.3119069347374 1417.1416080102226 -466.9818763573166 1417.1416080102226 -466.9818763573166 1743.40173976748 243.5648131815605 1743.40173976748 243.5648131815605 1132.5448425400864 566.7885808115138 541.6141474920311 591.1490317479007 541.6141474920311 591.1490317479007 902.1326711234784 1317.0306694669712 902.1326711234784 1317.0306694669712 
D C 364.90734798781494 -289.773297439487 364.90734798781494 -289.773297439487 1416.8880155490574 -462.08418695936604 1416.8880155490574 -462.08418695936604 1742.4113581694298 243.42645028825532 1742.4113581694298 243.42645028825532 1132.3039319229968 562.3307463154773 1132.3039319229968 562.3307463154773 541.2763775216587 590.7803700505212 541.2763775216587 590.7803700505212 901.6381970260809 1316.3087827951153 901.6381970260809 1316.3087827951153 
D C 363.2905899212715 -288.4894282088794 363.2905899212715 -288.4894282088794 1419.041134326167 -467.6078154717959 1419.041134326167 -467.6078154717959 1742.9615701683467 243.50331856231378 1742.9615701683467 243.50331856231378 1134.9161946358902 563.6280619915067 1134.9161946358902 563.6280619915067 541.5465934979566 591.0752994084248 541.5465934979566 591.0752994084248 902.8390626911893 1318.0619361410506 902.8390626911893 1318.0619361410506 
D C 363.89687419622527 -288.97087917035725 363.89687419622527 -288.97087917035725 1417.4265369576144 -467.0757672244885 1417.4265369576144 -467.0757672244885 1747.5833509592471 244.14901206440464 1747.5833509592471 244.14901206440464 1134.4683781708227 563.4056650184731 1134.4683781708227 563.4056650184731 540.7021685720257 590.1536451649762 540.7021685720257 590.1536451649762 901.4262795557677 1315.9994027928915 901.4262795557677 1315.9994027928915 
D C 364.2000163337022 -289.2116046510962 364.2000163337022 -289.2116046510962 1423.03013958965 -468.9222876122026 1423.03013958965 -468.9222876122026 1744.612206165097 243.7339233844891 1744.612206165097 243.7339233844891 1132.8263844655753 562.5902094506831 1132.8263844655753 562.5902094506831 540.993927336871 594.1212929619956 901.7794753396231 1316.5150361299313 901.7794753396231 1316.5150361299313 
D C 364.47789662638934 -289.4322696751069 364.47789662638934 -289.4322696751069 1416.1918448522506 -466.6689068000769 1416.1918448522506 -466.6689068000769 1744.39212136553 243.7031760748657 1744.39212136553 243.7031760748657 1131.1627980118271 566.0969286778698 541.2763775216587 590.7803700505212 541.2763775216587 590.7803700505212 901.2850012422255 1315.7931494580757 901.2850012422255 1315.7931494580757 
D C 352.7778632821521 -289.0748303671241 352.7778632821521 -289.0748303671241 1402.4202790616546 -462.13084822010165 1402.4202790616546 -462.13084822010165 1718.8049339359063 245.5069481248639 1718.8049339359063 245.5069481248639 1077.0145202830845 547.2872808018622 1077.0145202830845 547.2872808018622 520.2599706829 592.9165436700479 520.2599706829 592.9165436700479 883.3083749304635 1324.1129879197258 883.3083749304635 1324.1129879197258 
D C 313.48848320188085 -288.99405876561696 313.48848320188085 -288.99405876561696 1363.9171775440884 -468.07470856709153 1363.9171775440884 -468.07470856709153 1690.1412182723427 236.12396425270393 1690.1412182723427 236.12396425270393 1051.8870270219288 546.7576541603859 1051.8870270219288 546.7576541603859 490.7875924307736 591.501055887481 490.7875924307736 591.501055887481 852.0331233498277 1320.6724301755712 852.0331233498277 1320.6724301755712 
D C 278.86875260472465 -283.62414630341095 278.86875260472465 -283.62414630341095 1322.7909958469968 -458.50188800713846 1322.7909958469968 -458.50188800713846 1647.43082344885 240.47181601244444 1647.43082344885 240.47181601244444 1002.9840039037681 545.0186583165444 1002.9840039037681 545.0186583165444 447.33081084800097 585.1174819312228 447.33081084800097 585.1174819312228 
D C 262.3690734935602 -283.7516343286677 1277.0971702443474 -451.4600826026951 1277.0971702443474 -451.4600826026951 1626.65102996034 237.43863573839533 1626.65102996034 237.43863573839533 988.4530493738315 541.057135265254 988.4530493738315 541.057135265254 434.3119718808562 582.7737082103046 434.3119718808562 582.7737082103046 
D C 216.23187592805678 -278.40370604991966 216.23187592805678 -278.40370604991966 1236.9011013961174 -450.0996865862847 1236.9011013961174 -450.0996865862847 1566.5767332838623 243.4157541299714 1566.5767332838623 243.4157541299714 937.7427650748252 543.6246345008766 937.7427650748252 543.6246345008766 381.38638388491194 587.1958827338516 381.38638388491194 587.1958827338516 
D C 187.63950694750952 -280.36697125908285 187.63950694750952 -280.36697125908285 1197.0339756024496 -443.92854295865493 1197.0339756024496 -443.92854295865493 1536.9324522787274 238.80960566421462 1536.9324522787274 238.80960566421462 907.6120463356833 541.1460121653379 907.6120463356833 541.1460121653379 350.44766347601194 589.7813910496636 350.44766347601194 589.7813910496636 
D C 155.6099725374989 -278.17291334204384 1172.5369105150262 -447.16218525962006 1172.5369105150262 -447.16218525962006 1506.9603619278487 238.88971250093877 1506.9603619278487 238.88971250093877 875.6105546957712 544.1585679173933 875.6105546957712 544.1585679173933 320.6585692854158 592.2154225762941 320.6585692854158 592.2154225762941 
D C 125.49852275043862 -277.9383130424845 1136.8785126707014 -445.5914657756563 1136.8785126707014 -445.5914657756563 1471.1513879039264 242.47596554782598 1471.1513879039264 242.47596554782598 836.4390943060714 545.0565348753435 836.4390943060714 545.0565348753435 282.2983388369322 593.3074921278599 282.2983388369322 593.3074921278599 
D C 112.41192774198429 -278.0109783935311 112.41192774198429 -278.0109783935311 1120.549942437738 -443.1623026643649 1120.549942437738 -443.1623026643649 1445.1036261898323 247.30001960463815 1445.1036261898323 247.30001960463815 820.1303234412595 548.8836606971447 820.1303234412595 548.8836606971447 266.3244753162167 597.078699402712 266.3244753162167 597.078699402712 
D C 67.15779785125403 -278.0615233185776 1067.0269663964748 -441.0398242719666 1067.0269663964748 -441.0398242719666 1400.6850659044878 244.12412038170396 1400.6850659044878 244.12412038170396 773.384013527932 545.5466148970935 773.384013527932 545.5466148970935 216.7887286690796 601.4847102978131 216.7887286690796 601.4847102978131 216.7887286690796 601.4847102978131 216.7887286690796 601.4847102978131 
D C 1028.2058054961105 -439.84345623021215 1028.2058054961105 -439.84345623021215 1367.305843771816 242.63107941596004 1367.305843771816 242.63107941596004 744.9363120803665 542.7813781884164 744.9363120803665 542.7813781884164 186.04793227123733 595.158164270303 186.04793227123733 595.158164270303 186.04793227123733 595.158164270303 186.04793227123733 595.158164270303 
D C 1001.337691371043 -439.2959867041636 1001.337691371043 -439.2959867041636 1328.7760625406945 248.42990081479363 1328.7760625406945 248.42990081479363 700.5263667001004 544.0880531292306 700.5263667001004 544.0880531292306 147.88147661463992 600.087085741956 147.88147661463992 600.087085741956 147.88147661463992 600.087085741956 147.88147661463992 600.087085741956 
D C 960.3351186630737 -438.9948368794607 960.3351186630737 -438.9948368794607 1296.4994058082852 246.51443186744416 1296.4994058082852 246.51443186744416 671.1254089079893 544.7557588063224 671.1254089079893 544.7557588063224 479.3540289887642 1317.2937997623153 479.3540289887642 1317.2937997623153 113.84470600827987 603.6790913340369 113.84470600827987 603.6790913340369 
D C -48.47249639526226 -285.82809184008977 925.1766097913362 -426.3593067431377 925.1766097913362 -426.3593067431377 1266.7742138098426 248.9258749637237 1266.7742138098426 248.9258749637237 633.5765617265703 543.9705683077556 633.5765617265703 543.9705683077556 443.2474274929743 1317.8557880211554 443.2474274929743 1317.8557880211554 83.44586038708354 603.9020764861298 83.44586038708354 603.9020764861298 
D C -79.60770866750043 -288.5068386204555 -79.60770866750043 -288.5068386204555 896.7141869469864 -430.0394364799643 896.7141869469864 -430.0394364799643 1225.1307154391031 248.55987423437207 1225.1307154391031 248.55987423437207 604.3123816827485 545.170642802774 604.3123816827485 545.170642802774 412.4477134396099 1319.3999040544657 412.4477134396099 1319.3999040544657 49.917257213509956 606.7501194332641 49.917257213509956 606.7501194332641 
D C 851.038267915384 -434.13737131072116 851.038267915384 -434.13737131072116 1175.994991877855 249.88165514539804 1175.994991877855 249.88165514539804 552.9741189799292 540.376089573563 552.9741189799292 540.376089573563 363.6613945310141 1317.947734217013 363.6613945310141 1317.947734217013 -2.327238187486336 609.5555574042604 -2.327238187486336 609.5555574042604 
D C 838.3686020907803 -434.17750132100434 838.3686020907803 -434.17750132100434 1153.1113234072288 252.4238157830474 1153.1113234072288 252.4238157830474 537.5111716730319 544.9650794845012 537.5111716730319 544.9650794845012 347.5878356216626 1322.7947635698624 347.5878356216626 1322.7947635698624 -19.211178576847843 611.0442295285781 -19.211178576847843 611.0442295285781 
D C 809.5146340981272 -438.31652214720964 809.5146340981272 -438.31652214720964 1123.6147039533255 249.58164407640373 1123.6147039533255 249.58164407640373 508.7137949851921 541.7399720269531 508.7137949851921 541.7399720269531 321.9755176655639 1324.0130384644979 321.9755176655639 1324.0130384644979 -49.60673507753804 614.7710597113494 -49.60673507753804 614.7710597113494 
D C 744.0700164719958 -423.7917253844379 744.0700164719958 -423.7917253844379 1073.9353408826448 252.41458674822576 1073.9353408826448 252.41458674822576 453.27279890125726 542.8899456908641 453.27279890125726 542.8899456908641 267.03250599814254 1326.3870629421685 267.03250599814254 1326.3870629421685 -102.95955663927671 612.951375614935 -102.95955663927671 612.951375614935 
D C 727.7492291537847 -426.4078947253033 727.7492291537847 -426.4078947253033 1059.2034504801575 248.9520467922282 1059.2034504801575 248.9520467922282 440.89363707325435 541.4325797641299 440.89363707325435 541.4325797641299 252.6099678084183 1317.2979519318437 252.6099678084183 1317.2979519318437 -120.73386976558747 614.4100245694451 -120.73386976558747 614.4100245694451 
D C 685.5549439559693 -427.5378861880778 685.5549439559693 -427.5378861880778 1010.7096760505044 250.68119564298345 1010.7096760505044 250.68119564298345 392.93065484679676 540.9777549222053 392.93065484679676 540.9777549222053 203.73983760079602 1324.3194813089483 203.73983760079602 1324.3194813089483 -165.83757471646746 619.5900732033722 -165.83757471646746 619.5900732033722 
D C 664.1352810463528 -419.86157119139756 664.1352810463528 -419.86157119139756 992.9362838963795 252.7502643362583 992.9362838963795 252.7502643362583 377.3713496780311 543.7410574737548 377.3713496780311 543.7410574737548 186.6335648913711 1320.7789831973926 186.6335648913711 1320.7789831973926 -182.34761464778316 619.938535205115 -182.34761464778316 619.938535205115 
D C 634.5334201453642 -420.486389901728 634.5334201453642 -420.486389901728 956.4514764797656 259.14803114422136 956.4514764797656 259.14803114422136 342.64365503555524 545.6917139254198 342.64365503555524 545.6917139254198 150.28332175525927 1327.0631425667846 150.28332175525927 1327.0631425667846 
D C 600.1632258995407 -419.2639009279799 600.1632258995407 -419.2639009279799 926.5383307465121 257.1559119750446 926.5383307465121 257.1559119750446 315.428908759806 545.9949790232488 315.428908759806 545.9949790232488 121.60120358284216 1328.3457220494988 121.60120358284216 1328.3457220494988 
D C 566.897565442802 -419.78126482136383 566.897565442802 -419.78126482136383 895.5509487651951 257.4559926106922 895.5509487651951 257.4559926106922 283.0709310655288 546.5916129876788 283.0709310655288 546.5916129876788 89.41887415371123 1337.7147509634042 89.41887415371123 1337.7147509634042 
D C 520.432444606397 -413.2759353838077 520.432444606397 -413.2759353838077 850.11756934878 267.1492248018382 850.11756934878 267.1492248018382 234.66291200520055 553.2506116844694 234.66291200520055 553.2506116844694 31.74262116606739 1333.822344242856 31.74262116606739 1333.822344242856 
D C 506.4307321063458 -417.5852703360969 506.4307321063458 -417.5852703360969 833.4476128769948 261.9106953213462 833.4476128769948 261.9106953213462 221.72077067957397 550.72301772239 221.72077067957397 550.72301772239 27.71969470487366 1337.2581880477214 
D C 476.97354933792974 -413.37240079448185 476.97354933792974 -413.37240079448185 801.8132661455356 262.82344289143134 801.8132661455356 262.82344289143134 188.28109143011892 548.629973182097 188.28109143011892 548.629973182097 -13.3270545946636 1338.842762737596 -13.3270545946636 1338.842762737596 
D C 442.6414929886273 -415.65667173070074 442.6414929886273 -415.65667173070074 769.4395603304474 262.7115237593116 769.4395603304474 262.7115237593116 159.5743516196885 551.813281470219 159.5743516196885 551.813281470219 -38.303651484689965 1350.1840598867236 
D C 411.6251841242158 -413.53792836293195 411.6251841242158 -413.53792836293195 733.9717751346009 263.24037647322035 733.9717751346009 263.24037647322035 125.65182424340183 553.5476632574431 125.65182424340183 553.5476632574431 -79.49841465705306 1344.9252037641006 -79.49841465705306 1344.9252037641006 
D C 395.444385512175 -414.7249888411177 395.444385512175 -414.7249888411177 719.913938105184 265.70180240070397 719.913938105184 265.70180240070397 111.61258476596967 554.3950087340606 111.61258476596967 554.3950087340606 -96.00320721418608 1343.9390435580146 -96.00320721418608 1343.9390435580146 
D C 350.0501082770205 -415.38738774706184 350.0501082770205 -415.38738774706184 670.8552222129566 268.8642437614312 670.8552222129566 268.8642437614312 64.77082756161066 556.67308500632 64.77082756161066 556.67308500632 -146.24091010407776 1347.1969862157207 -146.24091010407776 1347.1969862157207 
D C 321.1229290760186 -418.7319388315384 321.1229290760186 -418.7319388315384 641.2766923532679 268.4984637134354 641.2766923532679 268.4984637134354 33.680297751600264 555.0147323311229 33.680297751600264 555.0147323311229 -176.72524212482435 1355.9317640633406 -176.72524212482435 1355.9317640633406 
D C 291.24072876994774 -418.29765467373795 291.24072876994774 -418.29765467373795 612.6975389464934 272.1400975845981 612.6975389464934 272.1400975845981 3.0138242664248027 559.5633123577353 3.0138242664248027 559.5633123577353 -205.49083208614334 1349.7809559479106 -205.49083208614334 1349.7809559479106 
D C 258.71119475222145 -422.04911353340367 258.71119475222145 -422.04911353340367 580.6338481503878 272.9741643124354 580.6338481503878 272.9741643124354 -28.01655809051067 561.6945773621703 -28.01655809051067 561.6945773621703 
D C 213.46771054925347 -420.0861813129384 213.46771054925347 -420.0861813129384 534.9544179950831 273.90649986362484 534.9544179950831 273.90649986362484 -75.07819073405122 562.5678393919054 -75.07819073405122 562.5678393919054 
D C 199.6459605577045 -417.9796163341274 199.6459605577045 -417.9796163341274 522.2556877383872 277.5969373842554 522.2556877383872 277.5969373842554 -93.6306452155774 568.076317782401 -93.6306452155774 568.076317782401 
D C 155.18699997239534 -420.47620032478386 155.18699997239534 -420.47620032478386 472.23865926187113 281.5631064854237 472.23865926187113 281.5631064854237 -137.5062502148487 569.3336980050341 -137.5062502148487 569.3336980050341 
D C 141.59046805570455 -418.8939847952403 141.59046805570455 -418.8939847952403 453.4787057739405 283.7519908579356 453.4787057739405 283.7519908579356 -153.6682235315775 574.1238439463738 -153.6682235315775 574.1238439463738 
D C 109.53618863194751 -419.53080440134215 109.53618863194751 -419.53080440134215 424.44796087188894 284.067719336666 424.44796087188894 284.067719336666 
D C 65.1812657426946 -419.4940246310053 65.1812657426946 -419.4940246310053 376.26014834261736 286.72261754379764 376.26014834261736 286.72261754379764 
D C 48.80502809175973 -425.2626746201382 48.80502809175973 -425.2626746201382 357.00836012544323 289.7854224246784 357.00836012544323 289.7854224246784 
D C 2.916505020920217 -423.54259020305676 2.916505020920217 -423.54259020305676 309.8642244284948 291.8497447839187 309.8642244284948 291.8497447839187 
D C -12.798536122569805 -427.49266824898564 -12.798536122569805 -427.49266824898564 291.6875395078782 292.12536783975025 291.6875395078782 292.12536783975025 
D C -40.385951889568275 -426.7418878880841 -40.385951889568275 -426.7418878880841 258.69048949742347 294.817744120875 258.69048949742347 294.817744120875 
D C -88.0013705299811 -430.2877163198006 -88.0013705299811 -430.2877163198006 205.72686413008708 296.4245768744567 205.72686413008708 296.4245768744567 
D C -103.66419910816593 -432.05198566035824 -103.66419910816593 -432.05198566035824 187.9235690178356 295.2473659524674 187.9235690178356 295.2473659524674 
D C -148.04527623894293 -435.73688871076206 -148.04527623894293 -435.73688871076206 137.8200685885515 299.06208637031256 137.8200685885515 299.06208637031256 
D C -167.07860990627793 -434.1042783064522 -167.07860990627793 -434.1042783064522 127.2846411767858 295.04209245266003 127.2846411767858 295.04209245266003 
D C 112.35071449755955 279.0632755863085 112.35071449755955 279.0632755863085 
D C 88.05324292634731 261.79841922795816 88.05324292634731 261.79841922795816 -511.3794887916531 1512.9111072509143 -511.3794887916531 1512.9111072509143 
D C 79.35647655314013 256.61945749876713 79.35647655314013 256.61945749876713 -481.1746997303541 1514.9195220668996 -481.1746997303541 1514.9195220668996 
D C 54.79495661195675 238.00922591913817 54.79495661195675 238.00922591913817 -380.760011993514 1555.5783693747799 -380.760011993514 1555.5783693747799 
D C 44.73443454815097 233.27891421846167 44.73443454815097 233.27891421846167 -353.2439952748361 1567.5668870664726 -353.2439952748361 1567.5668870664726 
D C 29.095139725809833 225.87669606209363 29.095139725809833 225.87669606209363 -272.1331022858417 1590.2163434843474 -272.1331022858417 1590.2163434843474 
D C 12.754975911588806 221.42166200847328 12.754975911588806 221.42166200847328 
D C -2.862362290248245 219.80080763724132 -2.862362290248245 219.80080763724132 
D C -30.878310484822567 221.02248480427008 -30.878310484822567 221.02248480427008 
D C 
D C 127.39098762078456 1608.8393493130386 127.39098762078456 1608.8393493130386 
D C 260.30498088891915 1594.221783411015 260.30498088891915 1594.221783411015 
D C 315.7812339963252 1568.5286775369325 315.7812339963252 1568.5286775369325 
D C 498.77754638869396 1498.1528490839892 498.77754638869396 1498.1528490839892 -70.75403532574093 911.7293037039715 -70.75403532574093 911.7293037039715 
D C 551.9073694120405 1474.3045345270268 551.9073694120405 1474.3045345270268 -42.412605841558026 906.1844843378504 -42.412605841558026 906.1844843378504 
D C 723.516526020935 1366.1245526542305 723.516526020935 1366.1245526542305 54.65125326602078 900.593306113505 54.65125326602078 900.593306113505 -66.02928643991967 1509.9569839343885 -66.02928643991967 1509.9569839343885 
D C 826.3125052041665 1280.804835429373 826.3125052041665 1280.804835429373 110.98538920779727 882.9935112786778 110.98538920779727 882.9935112786778 
D C 871.2385290581154 1230.9925056398358 871.2385290581154 1230.9925056398358 140.64567264232326 878.310335113386 140.64567264232326 878.310335113386 
D C 996.2187506161499 1087.3308102508627 996.2187506161499 1087.3308102508627 224.1060715678061 842.3449791161306 224.1060715678061 842.3449791161306 
D C 1038.8611531887589 1034.056090462448 1038.8611531887589 1034.056090462448 252.11960233013232 824.2440766037677 252.11960233013232 824.2440766037677 
D C 1123.3493638989198 866.9758973742536 1123.3493638989198 866.9758973742536 324.88197692840396 779.2207215551972 324.88197692840396 779.2207215551972 
D C 1175.1701638576892 755.5550912929458 1175.1701638576892 755.5550912929458 371.6735414736665 739.7694173957867 371.6735414736665 739.7694173957867 
D C 1191.8452152261646 690.9319310581332 1191.8452152261646 690.9319310581332 391.7378518671408 718.2184048192904 391.7378518671408 718.2184048192904 
D C 1233.7997956000102 494.4802365892627 1233.7997956000102 494.4802365892627 444.22173299095596 640.0634151357989 444.22173299095596 640.0634151357989 
D C 1249.3659603091742 439.4542720474287 1249.3659603091742 439.4542720474287 461.0958189727821 618.7131317134204 461.0958189727821 618.7131317134204 
D C 1256.5006209009305 230.92981207572166 1256.5006209009305 230.92981207572166 506.0684467505005 532.3391561810345 506.0684467505005 532.3391561810345 
D C 1223.3570942106808 98.71439183579277 1223.3570942106808 98.71439183579277 524.1683828046873 469.9611754899747 524.1683828046873 469.9611754899747 
D C 1210.235341466431 38.04969614520239 1210.235341466431 38.04969614520239 530.490180399525 441.5100345954094 530.490180399525 441.5100345954094 604.998015998462 1586.409870805444 604.998015998462 1586.409870805444 
D C 1157.3277696937437 -80.92824130837676 1157.3277696937437 -80.92824130837676 516.1433622791183 388.3353832101636 516.1433622791183 388.3353832101636 516.1433622791183 388.3353832101636 -223.99351621872597 1104.045202886827 -223.99351621872597 1104.045202886827 -223.99351621872597 1104.045202886827 -223.99351621872597 1104.045202886827 
D C 1138.8345559559575 -107.77689955531724 1138.8345559559575 -107.77689955531724 506.40812198046837 376.16686249144755 506.40812198046837 376.16686249144755 506.40812198046837 376.16686249144755 -215.26602010034807 1113.5261833465433 -215.26602010034807 1113.5261833465433 -215.26602010034807 1113.5261833465433 -215.26602010034807 1113.5261833465433 
D C 1079.2075410548628 -149.12252384297614 1079.2075410548628 -149.12252384297614 474.1501263417089 359.0239635274872 474.1501263417089 359.0239635274872 474.1501263417089 359.0239635274872 474.1501263417089 359.0239635274872 -231.69698773759603 1124.3026776519591 -231.69698773759603 1124.3026776519591 -231.69698773759603 1124.3026776519591 -231.69698773759603 1124.3026776519591 
D C 1065.0809088395658 -153.83630500176264 1065.0809088395658 -153.83630500176264 460.9041696978364 357.97717871966626 460.9041696978364 357.97717871966626 460.9041696978364 357.97717871966626 460.9041696978364 357.97717871966626 -248.41404967130552 1118.3582026315887 -248.41404967130552 1118.3582026315887 -248.41404967130552 1118.3582026315887 
D C 1016.5210736688794 -153.19564872106736 1016.5210736688794 -153.19564872106736 413.97922900747835 357.64276297662934 413.97922900747835 357.64276297662934 413.97922900747835 357.64276297662934 413.97922900747835 357.64276297662934 -300.0040748630634 1120.853021539381 -300.0040748630634 1120.853021539381 -300.0040748630634 1120.853021539381 -300.0040748630634 1120.853021539381 
D C 984.8106648348181 -157.69979339164263 984.8106648348181 -157.69979339164263 382.9642122715436 354.1053280366854 382.9642122715436 354.1053280366854 382.9642122715436 354.1053280366854 382.9642122715436 354.1053280366854 623.6381338246299 1482.953822794133 623.6381338246299 1482.953822794133 -323.0923746770911 1123.864625354737 -323.0923746770911 1123.864625354737 
D C 969.8895298910996 -158.36383505101824 969.8895298910996 -158.36383505101824 364.8985499076007 356.58531696542167 364.8985499076007 356.58531696542167 364.8985499076007 356.58531696542167 364.8985499076007 356.58531696542167 602.5236660973375 1483.4306513678434 602.5236660973375 1483.4306513678434 -336.63927541556217 1131.6570929506265 -336.63927541556217 1131.6570929506265 
D C 920.7383364951277 -159.0520554195546 920.7383364951277 -159.0520554195546 867.5282270667476 665.3020214059703 867.5282270667476 665.3020214059703 317.85069564362936 355.5844684250296 317.85069564362936 355.5844684250296 -390.97871172465875 1133.726690820202 -390.97871172465875 1133.726690820202 -390.97871172465875 1133.726690820202 -390.97871172465875 1133.726690820202 
D C 887.3232957458766 -158.89284198139856 887.3232957458766 -158.89284198139856 830.7832357629412 661.7601022674568 830.7832357629412 661.7601022674568 285.5895019927818 355.1422017431228 285.5895019927818 355.1422017431228 
D C 849.8435382204353 -160.26758115474584 849.8435382204353 -160.26758115474584 798.867690874479 660.7340607098049 798.867690874479 660.7340607098049 251.4818538033807 355.3243652700358 251.4818538033807 355.3243652700358 
D C 817.7685726526007 -164.6357970332487 817.7685726526007 -164.6357970332487 767.4196287546253 654.8051416706829 767.4196287546253 654.8051416706829 221.29823890406934 357.2872647198658 221.29823890406934 357.2872647198658 
D C 802.1843040029262 -169.19526250987488 802.1843040029262 -169.19526250987488 753.0225823375317 654.5925441022175 753.0225823375317 654.5925441022175 208.02895784707388 357.55288253371907 208.02895784707388 357.55288253371907 
D C 759.8581930997146 -170.03337578027651 759.8581930997146 -170.03337578027651 703.0385991789349 658.107687285691 703.0385991789349 658.107687285691 157.20708296612827 358.3401221248501 157.20708296612827 358.3401221248501 
D C 740.3823843123868 -170.45230271224048 740.3823843123868 -170.45230271224048 683.6276847330383 659.9014192369872 683.6276847330383 659.9014192369872 140.68380523560586 358.939538877274 140.68380523560586 358.939538877274 
D C 694.5403511531104 -173.41985609463163 694.5403511531104 -173.41985609463163 633.80579371475 662.6245822189834 633.80579371475 662.6245822189834 95.94853559251625 360.6406852098506 95.94853559251625 360.6406852098506 
D C 666.6598583607496 -172.99197392505178 666.6598583607496 -172.99197392505178 597.5135653864099 656.1913435465493 597.5135653864099 656.1913435465493 64.98342304423674 362.89429017355025 64.98342304423674 362.89429017355025 
D C 648.4209761628581 -176.77984839528617 648.4209761628581 -176.77984839528617 585.3017920566479 654.7861289881427 585.3017920566479 654.7861289881427 49.025968146760036 363.01394144141756 49.025968146760036 363.01394144141756 
D C 603.3797641673568 -178.50552131542182 603.3797641673568 -178.50552131542182 538.2111803801201 652.7210164487104 538.2111803801201 652.7210164487104 0.8459131460826167 364.9292521378453 0.8459131460826167 364.9292521378453 0.8459131460826167 364.9292521378453 
D C 569.2598657316414 -176.0367574146693 569.2598657316414 -176.0367574146693 502.00846280800164 652.478402530802 502.00846280800164 652.478402530802 199.99344663448474 1480.8562088546137 199.99344663448474 1480.8562088546137 -31.803125426033485 366.0984938294753 -31.803125426033485 366.0984938294753 
D C 540.2117162094365 -178.01261316425132 540.2117162094365 -178.01261316425132 469.00044015782765 649.8928293432418 469.00044015782765 649.8928293432418 -63.63463776817784 365.10970999795455 -63.63463776817784 365.10970999795455 -63.63463776817784 365.10970999795455 
D C 494.37052377883793 -213.27727919935634 494.37052377883793 -213.27727919935634 475.5293975536841 622.0017868955302 475.5293975536841 622.0017868955302 -70.9735240726365 367.1312236943667 -70.9735240726365 367.1312236943667 -70.9735240726365 367.1312236943667 
D C 466.2304666687264 -234.2426229239803 466.2304666687264 -234.2426229239803 479.4997180089415 607.6458038441026 479.4997180089415 607.6458038441026 -75.85309469334445 368.0748649546496 -75.85309469334445 368.0748649546496 -75.85309469334445 368.0748649546496 
D C 383.04137253815094 -302.2619903830772 383.04137253815094 -302.2619903830772 515.1957183977611 528.7910660925783 515.1957183977611 528.7910660925783 427.5051115393443 1397.6245902638561 -67.70953700884013 368.41096663852227 -67.70953700884013 368.41096663852227 
D C 290.8468467384472 -358.3160082138422 290.8468467384472 -358.3160082138422 543.751539891785 444.1400200198929 543.751539891785 444.1400200198929 584.1378193075547 1320.4659094632525 -57.911848437692484 372.70946027364516 -57.911848437692484 372.70946027364516 
D C 256.621598750357 -380.90513569883717 256.621598750357 -380.90513569883717 548.5063701577986 412.68462798375924 548.5063701577986 412.68462798375924 626.4769738945473 1276.0669256394021 -53.28877824215804 373.0770785329504 -53.28877824215804 373.0770785329504 
D C 186.59051241684818 -403.2988311495959 186.59051241684818 -403.2988311495959 557.9030926782519 356.2796384583911 557.9030926782519 356.2796384583911 -46.35664161311257 373.5436594259923 -46.35664161311257 373.5436594259923 
D C 119.38895540266213 -425.0957210108551 119.38895540266213 -425.0957210108551 561.0721107706981 298.2292069927366 561.0721107706981 298.2292069927366 795.4312128555343 1123.8826442119537 795.4312128555343 1123.8826442119537 -40.661112345271206 374.5773188141611 -40.661112345271206 374.5773188141611 
D C 43.91406963186847 -442.46502234720555 43.91406963186847 -442.46502234720555 559.2149840133828 236.1587603144955 559.2149840133828 236.1587603144955 883.1467968161401 1038.1814558512358 -33.574305694367155 373.20394262020415 -33.574305694367155 373.20394262020415 
D C 7.185374120503379 -446.54219330176227 7.185374120503379 -446.54219330176227 557.4193638766601 205.72921544608715 557.4193638766601 205.72921544608715 -30.185004797047593 374.079595390983 -30.185004797047593 374.079595390983 -30.185004797047593 374.079595390983 
D C -105.7070656788186 -452.7944736474439 -105.7070656788186 -452.7944736474439 535.0876110415882 118.85572983229876 535.0876110415882 118.85572983229876 1002.6284486452247 844.9226128735388 199.54778487748217 1412.1710666737547 199.54778487748217 1412.1710666737547 -19.852558502625236 374.8969469856636 -19.852558502625236 374.8969469856636 
D C -179.310142115593 -445.38101807691334 -179.310142115593 -445.38101807691334 513.184131601655 54.114701130871154 513.184131601655 54.114701130871154 1058.2011739970694 722.4057564860046 1058.2011739970694 722.4057564860046 328.4252524263992 1387.5617692804367 328.4252524263992 1387.5617692804367 -8.207019911698684 369.1976818466756 -8.207019911698684 369.1976818466756 -316.511476716484 965.6029847509819 -316.511476716484 965.6029847509819 
D C 489.2306910590031 -20.6585423100156 489.2306910590031 -20.6585423100156 1120.1257163260887 573.5249659512755 478.5531287804083 1327.7553302412566 478.5531287804083 1327.7553302412566 14.165228383647989 361.78662654254964 14.165228383647989 361.78662654254964 -217.99764200640314 995.8471972770451 -217.99764200640314 995.8471972770451 
D C 455.7587647554946 -84.5020341643243 455.7587647554946 -84.5020341643243 1156.5489744335887 422.82558659695496 1156.5489744335887 422.82558659695496 618.1250850380059 1249.3512673570865 618.1250850380059 1249.3512673570865 34.433855365568775 352.32131585338846 34.433855365568775 352.32131585338846 
D C 389.3010937445861 -179.40590227494243 389.3010937445861 -179.40590227494243 796.495427551423 1096.5963151197072 796.495427551423 1096.5963151197072 59.83131281983212 334.122777452399 59.83131281983212 334.122777452399 
D C 360.9747184237544 -205.59637581730465 360.9747184237544 -205.59637581730465 1171.9367904458165 109.05576188151691 853.9903617237878 1048.7295931762083 853.9903617237878 1048.7295931762083 67.94376863276264 327.09965084070717 67.94376863276264 327.09965084070717 
D C 298.364290410478 -258.57946045335024 298.364290410478 -258.57946045335024 1141.829010423631 -51.72534151643331 1141.829010423631 -51.72534151643331 964.5146525499007 919.6742765873929 964.5146525499007 919.6742765873929 81.36402899068958 309.64234205531847 81.36402899068958 309.64234205531847 
D C 230.00725959523288 -298.02271267405484 230.00725959523288 -298.02271267405484 1094.6635212101708 -199.4892150703468 1094.6635212101708 -199.4892150703468 1042.2486710163653 784.1659248938456 1042.2486710163653 784.1659248938456 92.01648371609859 291.21581554551443 92.01648371609859 291.21581554551443 
D C 159.10671132794977 -330.4955285785338 159.10671132794977 -330.4955285785338 1027.2609194378113 -349.02054548917386 1111.9406350597465 640.0601722517405 1111.9406350597465 640.0601722517405 101.20387552844029 272.89184124731634 101.20387552844029 272.89184124731634 
D C 125.24183040046975 -345.85885460429375 125.24183040046975 -345.85885460429375 991.0720808389941 -416.78326963395784 1132.2292958454857 562.293680153305 1132.2292958454857 562.293680153305 104.44655100136453 264.0964179687399 104.44655100136453 264.0964179687399 
D C 19.831268006024377 -374.4948959279601 19.831268006024377 -374.4948959279601 869.159613333002 -599.2782639658623 1188.6472378817125 349.62657776000907 1188.6472378817125 349.62657776000907 112.36505046673543 238.03764537507504 112.36505046673543 238.03764537507504 112.36505046673543 238.03764537507504 112.36505046673543 238.03764537507504 
D C -51.257103789199846 -379.534438109565 -51.257103789199846 -379.534438109565 772.804534434625 -673.9191659110776 772.804534434625 -673.9191659110776 1167.932408456927 236.9552317168485 1167.932408456927 236.9552317168485 100.71054502346875 227.66004362565783 100.71054502346875 227.66004362565783 100.71054502346875 227.66004362565783 100.71054502346875 227.66004362565783 
D C -107.47403665422345 -380.37923593339633 -107.47403665422345 -380.37923593339633 708.2118292693158 -707.1503836096389 1138.4674121608923 191.23229780938948 1138.4674121608923 191.23229780938948 562.5721408466222 695.2031602341133 562.5721408466222 695.2031602341133 70.21800477166362 222.2275042442346 70.21800477166362 222.2275042442346 
D C 637.2428705957491 -724.0431686260557 637.2428705957491 -724.0431686260557 1106.7110581860256 144.2430842787158 1106.7110581860256 144.2430842787158 552.0991348796848 677.9967632732831 552.0991348796848 677.9967632732831 42.816577339901926 219.6325708298659 42.816577339901926 219.6325708298659 
D C 583.4705262321575 -727.9037189290318 583.4705262321575 -727.9037189290318 1060.1342029010736 141.4815286545081 1060.1342029010736 141.4815286545081 509.480847360368 679.2782531373333 509.480847360368 679.2782531373333 -4.966877674869287 223.43795230273744 -4.966877674869287 223.43795230273744 
D C 566.210423870915 -724.4108449672525 566.210423870915 -724.4108449672525 1030.858114823581 140.7947419020719 1030.858114823581 140.7947419020719 490.19003339078057 674.882197349503 490.19003339078057 674.882197349503 -21.058582170198214 226.30007598007109 -21.058582170198214 226.30007598007109 
D C 537.8755615521553 -728.7657941390354 537.8755615521553 -728.7657941390354 995.467895092037 142.1884939093627 995.467895092037 142.1884939093627 454.0079135943402 680.5752012211221 454.0079135943402 680.5752012211221 
D C 500.64424283416804 -723.7809578795058 500.64424283416804 -723.7809578795058 962.0714547188212 140.43143211661064 962.0714547188212 140.43143211661064 425.8903170308581 678.2697231638313 425.8903170308581 678.2697231638313 
D C 471.67345732206985 -723.826051440721 471.67345732206985 -723.826051440721 930.0834399578729 141.59602648425465 930.0834399578729 141.59602648425465 392.0162670774476 683.3965677750095 392.0162670774476 683.3965677750095 
D C 439.5498187781164 -727.0353118135042 897.2335717554188 139.4127602302383 897.2335717554188 139.4127602302383 367.8377877784652 684.3555911795005 367.8377877784652 684.3555911795005 
D C 408.4321333477078 -730.1251621804581 864.2804007289767 142.45116199047922 864.2804007289767 142.45116199047922 329.5239342076227 687.1202073031548 329.5239342076227 687.1202073031548 
D C 361.8946662364048 -723.1301964518943 361.8946662364048 -723.1301964518943 815.2531831986721 147.24960039095748 815.2531831986721 147.24960039095748 280.8986122622266 691.5804885399496 280.8986122622266 691.5804885399496 
D C 345.86881942392966 -724.112403982084 345.86881942392966 -724.112403982084 795.1889451196811 143.62563289206523 795.1889451196811 143.62563289206523 267.7323531721826 689.307205349012 267.7323531721826 689.307205349012 
D C 311.8178939964084 -725.9122560500302 311.8178939964084 -725.9122560500302 760.3255036255829 144.56713880538763 760.3255036255829 144.56713880538763 235.55264224802102 693.2944979289251 235.55264224802102 693.2944979289251 
D C 262.7062739652996 -725.4708009334518 262.7062739652996 -725.4708009334518 709.7862891580464 141.7387163877604 709.7862891580464 141.7387163877604 186.1746922663256 691.230590922673 186.1746922663256 691.230590922673 
D C 247.26181089678565 -724.1898502987116 247.26181089678565 -724.1898502987116 694.6749530468263 143.1590418460608 694.6749530468263 143.1590418460608 168.4568278247036 692.720484077138 168.4568278247036 692.720484077138 
D C 199.1141477778937 -726.0491951002381 199.1141477778937 -726.0491951002381 645.8672968706892 143.46254213389625 645.8672968706892 143.46254213389625 120.39726380134661 696.9691532666708 120.39726380134661 696.9691532666708 
D C 628.2586677959218 145.6315669205615 628.2586677959218 145.6315669205615 628.2586677959218 145.6315669205615 105.46293242391188 699.7933309130699 105.46293242391188 699.7933309130699 
D C 151.45706200726573 -723.7022530791869 151.45706200726573 -723.7022530791869 595.9837281436138 143.94280179306995 595.9837281436138 143.94280179306995 77.24085837095978 701.3046686197586 77.24085837095978 701.3046686197586 
D C 550.15282285559 147.25221370001154 550.15282285559 147.25221370001154 550.15282285559 147.25221370001154 550.15282285559 147.25221370001154 27.650155488198013 706.1980369479876 27.650155488198013 706.1980369479876 
D C 93.10191775196165 -731.8408689637223 93.10191775196165 -731.8408689637223 533.5135198982684 144.55409570731592 533.5135198982684 144.55409570731592 8.118046473880057 704.5441409131167 8.118046473880057 704.5441409131167 
D C -19.651452912918277 -731.4027150001033 -19.651452912918277 -731.4027150001033 501.17878194773584 84.18472857581612 501.17878194773584 84.18472857581612 48.77190670771711 697.4707605316677 48.77190670771711 697.4707605316677 
D C -71.91714961748959 -735.8439685768278 -71.91714961748959 -735.8439685768278 489.2506584403406 50.073736267309876 489.2506584403406 50.073736267309876 82.92095468902042 694.1079885525855 82.92095468902042 694.1079885525855 
D C -203.6936899202315 -720.926212026363 -203.6936899202315 -720.926212026363 471.3036699273006 -32.95676309529265 471.3036699273006 -32.95676309529265 166.45784555320049 666.6577467327496 166.45784555320049 666.6577467327496 
D C -327.8838737385119 -689.1147841618193 -327.8838737385119 -689.1147841618193 440.24785782303326 -102.77799737032605 440.24785782303326 -102.77799737032605 238.38752217311546 636.8021599148062 238.38752217311546 636.8021599148062 
D C 395.6620241470888 -177.9407872269301 395.6620241470888 -177.9407872269301 315.23514020280805 586.4893110546142 315.23514020280805 586.4893110546142 
D C 305.1097155495705 -272.73220274391554 305.1097155495705 -272.73220274391554 409.3848096922643 490.3248058106265 409.3848096922643 490.3248058106265 
D C 272.42478514958805 -300.1217953784776 272.42478514958805 -300.1217953784776 434.57100647514704 454.33070266264434 434.57100647514704 454.33070266264434 
D C 196.71803495696045 -344.1851761747991 196.71803495696045 -344.1851761747991 478.55560913046565 374.04626970193436 478.55560913046565 374.04626970193436 -137.6143035759226 638.0074340094429 -137.6143035759226 638.0074340094429 
D C 120.57239250105891 -375.6094154122348 120.57239250105891 -375.6094154122348 510.31525582424115 293.74991815817964 510.31525582424115 293.74991815817964 -57.819597010543085 642.7087952757374 -57.819597010543085 642.7087952757374 
D C 43.2668252588995 -398.58160449459194 43.2668252588995 -398.58160449459194 527.2331356461073 211.30362201527325 527.2331356461073 211.30362201527325 11.372518674063915 643.9829237617919 11.372518674063915 643.9829237617919 
D C -80.99989147092657 -408.81603119262763 -80.99989147092657 -408.81603119262763 527.8921416969457 75.40191797701003 527.8921416969457 75.40191797701003 124.18886479990482 616.863115658337 124.18886479990482 616.863115658337 
D C -118.32273366906038 -404.50934063991696 -118.32273366906038 -404.50934063991696 518.8596725753338 37.064324382883555 518.8596725753338 37.064324382883555 156.16869283976166 601.8279130920401 156.16869283976166 601.8279130920401 -298.62810580281484 992.7230390206527 -298.62810580281484 992.7230390206527 
D C 483.947433552311 -82.07080023984803 483.947433552311 -82.07080023984803 252.2788514577406 551.8794764719469 252.2788514577406 551.8794764719469 -111.58723429227186 1027.9612293968103 -111.58723429227186 1027.9612293968103 
D C 463.38650045894224 -130.9272773871803 463.38650045894224 -130.9272773871803 286.6565075688266 521.7463897231618 286.6565075688266 521.7463897231618 -41.82420724665722 1028.7383875136788 -41.82420724665722 1028.7383875136788 
D C 417.0775835455013 -201.5951182800913 417.0775835455013 -201.5951182800913 334.0828211084117 472.03312908127407 334.0828211084117 472.03312908127407 334.0828211084117 472.03312908127407 80.52835144195129 1017.0042869970075 80.52835144195129 1017.0042869970075 
D C 339.72095567737114 -283.6417761050426 339.72095567737114 -283.6417761050426 372.4414588620947 401.5297467167936 372.4414588620947 401.5297467167936 372.4414588620947 401.5297467167936 198.78428680068674 987.388802509499 198.78428680068674 987.388802509499 
D C 318.294787347687 -282.76612767027393 318.294787347687 -282.76612767027393 354.84187292925003 401.90321761236635 354.84187292925003 401.90321761236635 354.84187292925003 401.90321761236635 354.84187292925003 401.90321761236635 188.82394729153827 984.6697705589926 188.82394729153827 984.6697705589926 
D C 239.69496466375293 -306.6662579247234 239.69496466375293 -306.6662579247234 995.4003753878777 833.6223514932148 995.4003753878777 833.6223514932148 327.8180349043837 373.59925260650624 201.67597300996988 970.9225979365391 201.67597300996988 970.9225979365391 
D C 213.5878403014975 -310.8176303150474 213.5878403014975 -310.8176303150474 982.4368919946454 822.7657657644837 982.4368919946454 822.7657657644837 315.6818153998394 371.09912856967156 315.6818153998394 371.09912856967156 189.23957356650746 970.7262146436381 189.23957356650746 970.7262146436381 
D C 178.34347367241844 -307.63930020981456 178.34347367241844 -307.63930020981456 955.1606076962927 820.0733581081649 955.1606076962927 820.0733581081649 287.32899937956375 373.45180491041583 287.32899937956375 373.45180491041583 161.44629368506634 970.0457726548159 161.44629368506634 970.0457726548159 
D C 128.17180825142134 -303.50597880364876 128.17180825142134 -303.50597880364876 910.514633635681 821.4060528071204 910.514633635681 821.4060528071204 236.9200674422638 374.75917391020164 236.9200674422638 374.75917391020164 110.01713734233368 971.4962799097799 110.01713734233368 971.4962799097799 
D C 112.87099258885401 -302.9571405859365 112.87099258885401 -302.9571405859365 900.1995133194513 827.255004919201 900.1995133194513 827.255004919201 223.56155433640401 376.2400445017508 223.56155433640401 376.2400445017508 97.93956456607798 971.3100386455274 97.93956456607798 971.3100386455274 
D C 65.20579970327546 -311.57070877835224 65.20579970327546 -311.57070877835224 843.9270186463804 819.6538810493689 843.9270186463804 819.6538810493689 175.74316681566813 375.2780483309984 175.74316681566813 375.2780483309984 47.13179173004433 974.2981630971935 47.13179173004433 974.2981630971935 
D C 32.103963418660435 -313.6751201726398 32.103963418660435 -313.6751201726398 807.5541626964551 818.7528774371588 807.5541626964551 818.7528774371588 143.9313851250371 377.41308904001295 14.147372804824382 969.6026764157665 14.147372804824382 969.6026764157665 
D C 18.59385997378202 -314.564145989242 18.59385997378202 -314.564145989242 791.7437161231816 817.6405478535468 791.7437161231816 817.6405478535468 127.73663894732697 379.78442408844364 127.73663894732697 379.78442408844364 -0.727364382658041 969.8886161468122 -0.727364382658041 969.8886161468122 
D C -33.59297877360014 -323.2189867212575 -33.59297877360014 -323.2189867212575 743.4506235747032 816.4598961506692 743.4506235747032 816.4598961506692 76.71436911884142 375.09927968510544 76.71436911884142 375.09927968510544 -54.43665083482005 971.5316594138447 -54.43665083482005 971.5316594138447 
D C -48.61656373355851 -322.59246249527985 -48.61656373355851 -322.59246249527985 727.3251255201922 813.6698194306723 727.3251255201922 813.6698194306723 63.846669867354834 376.48508279302376 63.846669867354834 376.48508279302376 -66.53658551371802 973.4509426398679 -66.53658551371802 973.4509426398679 
D C -113.31546660751494 -326.9183461164594 -113.31546660751494 -326.9183461164594 730.9276058677851 768.8710636585358 730.9276058677851 768.8710636585358 38.32890311754017 368.78626665734504 38.32890311754017 368.78626665734504 
D C 740.8607539863794 715.1481338903257 740.8607539863794 715.1481338903257 30.78813890295195 360.6883564836721 30.78813890295195 360.6883564836721 
D C 753.5534885581892 659.1237822214779 753.5534885581892 659.1237822214779 22.467122878927004 352.35110259605307 22.467122878927004 352.35110259605307 
D C 762.4197584833493 611.1377729278329 762.4197584833493 611.1377729278329 14.778069623245782 349.9707339376278 14.778069623245782 349.9707339376278 
D C 760.6676246717949 583.3512876270778 760.6676246717949 583.3512876270778 8.287200585009382 348.22749053012194 8.287200585009382 348.22749053012194 
D C 771.7540826947126 506.28513294787035 771.7540826947126 506.28513294787035 -3.4094625727919485 342.5163645862912 -3.4094625727919485 342.5163645862912 -3.4094625727919485 342.5163645862912 -3.4094625727919485 342.5163645862912 
D C 768.2587150723239 474.182408859367 768.2587150723239 474.182408859367 -5.490659818385745 341.22249403070794 -5.490659818385745 341.22249403070794 -5.490659818385745 341.22249403070794 -5.490659818385745 341.22249403070794 
D C 762.0306508878009 390.1737070529172 762.0306508878009 390.1737070529172 154.32299243835502 927.2456060855028 154.32299243835502 927.2456060855028 -22.017173723257983 337.32668213616455 -22.017173723257983 337.32668213616455 
D C 761.1310384376949 338.0693766638252 761.1310384376949 338.0693766638252 183.14150611367762 909.6889664759232 183.14150611367762 909.6889664759232 -29.3555075936852 337.9229862374018 -29.3555075936852 337.9229862374018 
D C 759.5167055278306 288.2881905563844 759.5167055278306 288.2881905563844 223.37039295344678 894.5904733914211 223.37039295344678 894.5904733914211 -23.923467506002016 334.9021659961444 -23.923467506002016 334.9021659961444 
D C 757.8951160245651 170.78818198608144 757.8951160245651 170.78818198608144 306.0209155880697 849.0612168242995 306.0209155880697 849.0612168242995 -18.536933282575045 330.82890435545283 -18.536933282575045 330.82890435545283 
D C 738.0576363846415 96.19467435526875 738.0576363846415 96.19467435526875 350.1923036760941 818.631616725631 350.1923036760941 818.631616725631 -19.271409129186274 326.02667564758434 -19.271409129186274 326.02667564758434 
D C 717.1444875253071 24.74952755317608 717.1444875253071 24.74952755317608 395.6950678426307 775.6799285508301 395.6950678426307 775.6799285508301 -17.051185974156564 321.9956542805679 -17.051185974156564 321.9956542805679 
D C 686.8989399029765 -50.150798184218836 686.8989399029765 -50.150798184218836 431.1436412763949 730.683050704566 431.1436412763949 730.683050704566 -15.88737695405877 318.5206924695747 -15.88737695405877 318.5206924695747 
D C 673.213084555845 -80.42476473577497 673.213084555845 -80.42476473577497 448.46488193464836 709.3798786061964 448.46488193464836 709.3798786061964 -16.859203849404953 318.37025192068154 -16.859203849404953 318.37025192068154 
D C 609.9625287978969 -188.62356575239815 609.9625287978969 -188.62356575239815 506.38962709514954 625.7751557631826 506.38962709514954 625.7751557631826 -13.590307281811707 310.7829949466122 -13.590307281811707 310.7829949466122 -13.590307281811707 310.7829949466122 
D C 565.0978346590858 -254.1410280054828 565.0978346590858 -254.1410280054828 532.4594013107068 577.5893483640422 532.4594013107068 577.5893483640422 283.4495417428379 1407.9327299845716 -13.453229351320141 307.6482983650075 -13.453229351320141 307.6482983650075 
D C 513.3528730516567 -282.0449640629633 513.3528730516567 -282.0449640629633 520.1928894440135 547.1968181302668 520.1928894440135 547.1968181302668 -34.766287175006646 302.93608770860084 -34.766287175006646 302.93608770860084 -34.766287175006646 302.93608770860084 
D C 462.2064653620111 -314.52073315136874 462.2064653620111 -314.52073315136874 515.5916127615529 519.5436830203856 515.5916127615529 519.5436830203856 -54.77196571165045 303.2471346467928 -54.77196571165045 303.2471346467928 
D C 438.1832836271599 -326.55599124713495 438.1832836271599 -326.55599124713495 507.2000415173198 511.0877893971255 507.2000415173198 511.0877893971255 348.4744797238732 1360.0667398996181 
D C 382.69743431903345 -331.66735853997454 382.69743431903345 -331.66735853997454 459.68502408737277 504.8275905988019 459.68502408737277 504.8275905988019 
D C 365.3748999704075 -330.65774272376746 365.3748999704075 -330.65774272376746 441.6823023491453 509.6391898113391 441.6823023491453 509.6391898113391 288.2063640108749 1366.4367317017027 
D C 313.1334695240643 -330.42470020977527 313.1334695240643 -330.42470020977527 391.22629204607796 508.49084223487154 391.22629204607796 508.49084223487154 239.04703716653145 1358.9535418467901 
D C 280.3217130150386 -334.7227169050741 280.3217130150386 -334.7227169050741 359.587286508772 508.0689616587608 359.587286508772 508.0689616587608 
D C 264.11728858878183 -333.672144645425 264.11728858878183 -333.672144645425 343.68602046269575 511.7903245940839 343.68602046269575 511.7903245940839 193.07201945649436 1366.3430031465143 
D C 211.511999514962 -335.73320554346463 293.41066490701354 511.4987774382897 293.41066490701354 511.4987774382897 
D C 161.60817782612702 -333.0731517071177 161.60817782612702 -333.0731517071177 240.40656510035012 513.358830340453 240.40656510035012 513.358830340453 
D C 143.1706107805799 -333.3012731879609 143.1706107805799 -333.3012731879609 223.04372307194774 517.0088563331005 223.04372307194774 517.0088563331005 
D C 108.74506924152082 -338.7647125473761 108.74506924152082 -338.7647125473761 208.11346489126763 512.3813555436311 208.11346489126763 512.3813555436311 91.43308314859605 1367.847506597845 91.43308314859605 1367.847506597845 
D C 50.6310879992697 -354.47047233667956 50.6310879992697 -354.47047233667956 206.48909373507615 495.2585616929539 206.48909373507615 495.2585616929539 156.53307722307375 1345.3240337313073 
D C -3.1001162768533628 -366.6980069367922 -3.1001162768533628 -366.6980069367922 203.22599015188098 479.133674771829 203.22599015188098 479.133674771829 205.1995752237288 1333.807851351911 205.1995752237288 1333.807851351911 
D C -91.5310068301597 -371.4229557418912 195.11984782140865 452.28212648465535 195.11984782140865 452.28212648465535 291.52322181539364 1302.78133665722 291.52322181539364 1302.78133665722 
D C -115.9898368634128 -367.0872171268825 -115.9898368634128 -367.0872171268825 193.71893298473196 445.27397101033455 193.71893298473196 445.27397101033455 
D C 190.07271829520363 433.2545315479238 190.07271829520363 433.2545315479238 
D C 181.50929476804203 420.73326076781024 181.50929476804203 420.73326076781024 -535.5682957562502 1552.9952231351988 
D C 192.82132215802457 395.8216244198268 192.82132215802457 395.8216244198268 -394.3173480762399 1589.8294968348403 
D C 196.54613793131355 385.2888413765509 196.54613793131355 385.2888413765509 -341.55862199139324 1607.445847357784 
D C 198.86719625422768 351.66438297613036 198.86719625422768 351.66438297613036 -147.62323602344358 1640.944542765192 -147.62323602344358 1640.944542765192 
D C 202.76910626085942 322.92855711900495 202.76910626085942 322.92855711900495 
D C 187.58501430991217 307.04991653529925 187.58501430991217 307.04991653529925 187.58501430991217 307.04991653529925 187.58501430991217 307.04991653529925 79.02509937795861 1633.589692569191 79.02509937795861 1633.589692569191 
D C 157.62902439910954 299.8515072512842 157.62902439910954 299.8515072512842 108.66390744755277 1625.6222555434672 
D C 781.8426211593649 869.2771892296411 143.68640572286682 297.27098254425886 143.68640572286682 297.27098254425886 135.8153269642031 1650.8512377578131 135.8153269642031 1650.8512377578131 
D C 747.3725519084529 851.7463869645126 747.3725519084529 851.7463869645126 92.61026716041913 296.25567950640686 92.61026716041913 296.25567950640686 114.21127794002106 1633.2973685754191 114.21127794002106 1633.2973685754191 
D C 772.3585608942108 792.7401029091201 772.3585608942108 792.7401029091201 76.19052665590122 286.3764784944438 76.19052665590122 286.3764784944438 
D C 799.1562817093269 729.8898397929139 799.1562817093269 729.8898397929139 60.64509256014063 274.9714638170175 60.64509256014063 274.9714638170175 
D C 803.2527437592997 672.7036252473556 40.6475986892366 269.7148450796275 40.6475986892366 269.7148450796275 
D C 811.4893745256649 646.3915836986043 27.90306657378415 268.47279502053254 27.90306657378415 268.47279502053254 -369.6724037379213 1415.8696120614607 -369.6724037379213 1415.8696120614607 
D C 819.9561162421494 567.1692581911425 479.8058159814394 1518.5001247778628 479.8058159814394 1518.5001247778628 0.6152368644781266 265.41487135099794 0.6152368644781266 265.41487135099794 
D C 577.8364366916549 1472.3875624522725 577.8364366916549 1472.3875624522725 -28.181753911396775 267.25508236736414 -28.181753911396775 267.25508236736414 
D C 821.2551650112773 456.10790128008057 604.4492681684875 1437.3244744004674 604.4492681684875 1437.3244744004674 
D C 816.8281284599881 393.2362952032724 667.5989291054308 1392.0710059053317 667.5989291054308 1392.0710059053317 
D C 804.939902933439 337.0232068253788 715.6640861855896 1351.2977857850585 715.6640861855896 1351.2977857850585 
D C 786.8392464240484 279.4798745649418 770.0959760509974 1296.0231250855372 770.0959760509974 1296.0231250855372 39.78038987502329 1480.5767943737944 39.78038987502329 1480.5767943737944 
D C 766.8502787140195 207.77608148251923 837.2715073403991 1214.3316775065766 837.2715073403991 1214.3316775065766 120.83926479777999 1468.8154446201663 120.83926479777999 1468.8154446201663 
D C 751.442449021308 186.37646006679793 751.442449021308 186.37646006679793 855.509782660015 1200.9384920856746 855.509782660015 1200.9384920856746 143.49385151211033 1468.2045343133295 143.49385151211033 1468.2045343133295 -129.32610855907555 815.8129428030461 -129.32610855907555 815.8129428030461 
D C 729.2995180548314 131.72480011368663 906.320705151078 1134.1543190476561 906.320705151078 1134.1543190476561 214.99741730906874 1456.9218923986386 214.99741730906874 1456.9218923986386 -104.27746585016155 819.687854597102 -104.27746585016155 819.687854597102 
D C 699.9295456592644 80.32701475317528 699.9295456592644 80.32701475317528 952.407588557307 1078.7218294159322 952.407588557307 1078.7218294159322 275.2663303875227 1435.4452296604657 275.2663303875227 1435.4452296604657 -79.56881122279631 827.5364143548966 -79.56881122279631 827.5364143548966 
D C 674.7068293530405 35.72890339471347 970.5703941280246 1002.316396865225 970.5703941280246 1002.316396865225 330.65607375474804 1416.3598422944656 330.65607375474804 1416.3598422944656 -61.7949364603179 829.2563100773933 -61.7949364603179 829.2563100773933 
D C 622.3204221103674 -26.278467409157862 622.3204221103674 -26.278467409157862 1018.8522940766111 913.4870348586384 1018.8522940766111 913.4870348586384 416.80265625410084 1377.7328862081815 416.80265625410084 1377.7328862081815 -31.395273344581884 835.3546857527944 -31.395273344581884 835.3546857527944 
D C 605.1175444073082 -53.52296563597147 605.1175444073082 -53.52296563597147 1036.799886869491 868.2933833365819 1036.799886869491 868.2933833365819 454.6402276714723 1365.5798207552373 454.6402276714723 1365.5798207552373 -10.810675950077657 830.1518340382723 -10.810675950077657 830.1518340382723 
D C 568.754078724341 -91.0757812726639 568.754078724341 -91.0757812726639 1045.0531720883816 796.3649147897033 1045.0531720883816 796.3649147897033 503.4713990118271 1332.4533426642279 503.4713990118271 1332.4533426642279 1.9270872052607613 831.3507076665488 1.9270872052607613 831.3507076665488 
D C 529.008748635287 -132.0882521927204 1065.2352963095213 722.426586925181 1065.2352963095213 722.426586925181 561.7825589696781 1291.2891219388011 561.7825589696781 1291.2891219388011 32.470258950218664 829.3057570553154 32.470258950218664 829.3057570553154 
D C 490.59004306454415 -163.33133038605587 1079.1561784963153 656.9638516792448 1079.1561784963153 656.9638516792448 604.9996787050244 1251.67616256255 604.9996787050244 1251.67616256255 52.61427256745346 825.1477971315958 52.61427256745346 825.1477971315958 
D C 424.8525314626608 -205.35315181346226 424.8525314626608 -205.35315181346226 1075.51234292732 575.9107571585953 1075.51234292732 575.9107571585953 639.1110709816469 1206.752430027984 639.1110709816469 1206.752430027984 57.081312132528375 816.3007943037954 57.081312132528375 816.3007943037954 
D C 409.11285101806294 -203.976143135924 1054.4716229252786 585.6314326927185 1054.4716229252786 585.6314326927185 621.3451247600207 1208.8446760494037 621.3451247600207 1208.8446760494037 39.57026359354896 817.9878955862102 39.57026359354896 817.9878955862102 
D C 379.91721932184697 -202.70381218689818 379.91721932184697 -202.70381218689818 1016.8233437909956 585.3083375637993 1016.8233437909956 585.3083375637993 1016.8233437909956 585.3083375637993 589.6015270343221 1210.3279428811002 589.6015270343221 1210.3279428811002 6.9062882514462265 816.9119836284303 6.9062882514462265 816.9119836284303 
D C 965.725240880521 579.8183043598264 965.725240880521 579.8183043598264 534.78203708197 1208.895273716652 534.78203708197 1208.895273716652 -41.06003388039647 823.1988491383348 -41.06003388039647 823.1988491383348 
D C 314.7846773020405 -200.35897641256264 946.987876544442 576.5030264063025 946.987876544442 576.5030264063025 517.6649392757566 1210.126212692142 517.6649392757566 1210.126212692142 -56.47824499450597 826.2942921411575 -56.47824499450597 826.2942921411575 
D C 265.79583832030113 -199.3555487856015 896.1841525047106 580.0795908005372 896.1841525047106 580.0795908005372 469.85093093971426 1209.6843295154522 469.85093093971426 1209.6843295154522 -105.57657288538462 829.8996702555696 -105.57657288538462 829.8996702555696 
D C 873.6242604677855 580.8123983306996 873.6242604677855 580.8123983306996 455.35332683838357 1216.3807040391193 455.35332683838357 1216.3807040391193 -121.50563333111917 832.414080333825 -121.50563333111917 832.414080333825 
D C 826.0146313783205 578.8853713762178 826.0146313783205 578.8853713762178 399.3491550376884 1211.8977895724888 399.3491550376884 1211.8977895724888 -169.04351121169725 833.2012496744644 -169.04351121169725 833.2012496744644 
D C 790.649573633476 576.0893358015869 790.649573633476 576.0893358015869 374.4878490217174 1211.002212169545 374.4878490217174 1211.002212169545 -196.8775633960455 837.6448282232925 -196.8775633960455 837.6448282232925 
D C 795.1424277092093 546.4064367725738 795.1424277092093 546.4064367725738 402.1020966708416 1195.5231832259426 402.1020966708416 1195.5231832259426 -176.61087257755938 843.8938713626135 -176.61087257755938 843.8938713626135 
D C 804.4710432649781 486.36578654952245 804.4710432649781 486.36578654952245 804.4710432649781 486.36578654952245 461.522489988153 1166.974258597514 461.522489988153 1166.974258597514 -149.0362473564879 855.1094649072105 -149.0362473564879 855.1094649072105 
D C 795.2525418177161 438.47965786050077 795.2525418177161 438.47965786050077 795.2525418177161 438.47965786050077 795.2525418177161 438.47965786050077 490.50644980167465 1136.9796699195615 490.50644980167465 1136.9796699195615 -129.489863273713 868.4619330837737 -129.489863273713 868.4619330837737 
D C 788.6420883846803 353.1897002840367 788.6420883846803 353.1897002840367 788.6420883846803 353.1897002840367 556.5611767230318 1074.6835436837555 556.5611767230318 1074.6835436837555 -86.70196161765921 873.5830157899419 -86.70196161765921 873.5830157899419 
D C 777.617825542019 319.99007623235985 777.617825542019 319.99007623235985 777.617825542019 319.99007623235985 777.617825542019 319.99007623235985 582.5829965676822 1052.6994963544976 582.5829965676822 1052.6994963544976 -70.60746610507834 875.0309145140075 -70.60746610507834 875.0309145140075 
D C 764.483622244435 263.6409852390288 764.483622244435 263.6409852390288 615.3362674964696 1007.2177155035665 615.3362674964696 1007.2177155035665 -46.4478449023113 877.12398609164 -46.4478449023113 877.12398609164 
D C 724.2764762774206 259.76313905395244 724.2764762774206 259.76313905395244 571.3915852771312 1010.4133464895853 571.3915852771312 1010.4133464895853 -87.94885014441181 886.1462913979135 -87.94885014441181 886.1462913979135 
D C 704.4954069616036 257.5582100613461 704.4954069616036 257.5582100613461 557.7018865550735 1007.7405254725332 557.7018865550735 1007.7405254725332 -104.22305605339983 884.1911005224719 -104.22305605339983 884.1911005224719 
D C 649.8400983092453 262.75860973951393 649.8400983092453 262.75860973951393 506.3315491534461 1015.5439771041248 506.3315491534461 1015.5439771041248 -156.98219190066942 884.6462245085165 -156.98219190066942 884.6462245085165 
D C 635.0046927942522 261.3047095641189 635.0046927942522 261.3047095641189 490.14882734353927 1014.0626927390796 490.14882734353927 1014.0626927390796 -174.82769566195876 889.6914262388703 -174.82769566195876 889.6914262388703 
D C 600.0974713511863 264.3422631008462 600.0974713511863 264.3422631008462 453.3283144714487 1016.3267198242171 453.3283144714487 1016.3267198242171 -208.8291135940007 888.4944732507934 -208.8291135940007 888.4944732507934 
D C 550.7507956478133 265.1417047416353 550.7507956478133 265.1417047416353 404.823761594901 1014.4978086131126 404.823761594901 1014.4978086131126 -256.27064296570967 891.4277547835193 -256.27064296570967 891.4277547835193 
D C 538.6943238507063 265.47203385605866 538.6943238507063 265.47203385605866 391.42018550551387 1016.989411384713 391.42018550551387 1016.989411384713 -270.013579909169 897.6003812624037 -270.013579909169 897.6003812624037 
D C 489.14459702176936 267.74683386603976 489.14459702176936 267.74683386603976 339.21506089208714 1018.8830944920794 339.21506089208714 1018.8830944920794 
D C 459.8057945895464 266.5568494204081 459.8057945895464 266.5568494204081 307.065058593282 1014.9974408308354 307.065058593282 1014.9974408308354 
D C 438.4730396507639 266.93164782492664 438.4730396507639 266.93164782492664 294.5466715840502 1018.5519398524185 294.5466715840502 1018.5519398524185 
D C 392.3457991550457 271.3882748762395 392.3457991550457 271.3882748762395 241.25253732383146 1019.2663172496732 241.25253732383146 1019.2663172496732 
D C 373.493191356094 272.1375584204035 373.493191356094 272.1375584204035 222.19241793376617 1022.3477202231146 222.19241793376617 1022.3477202231146 
D C 329.97603820597703 272.9192958374706 329.97603820597703 272.9192958374706 177.31910419237502 1026.4846725327484 177.31910419237502 1026.4846725327484 
D C 313.00155304980603 273.7785314777343 313.00155304980603 273.7785314777343 157.91966198095136 1026.4859700775614 157.91966198095136 1026.4859700775614 
D C 276.5657240692855 275.28651977136616 276.5657240692855 275.28651977136616 122.86721432630979 1028.486892305241 122.86721432630979 1028.486892305241 
D C 237.79629160489313 272.6885681839908 237.79629160489313 272.6885681839908 90.84372451492422 1027.056906323777 90.84372451492422 1027.056906323777 
D C 240.32191386132598 273.8839168191107 240.32191386132598 273.8839168191107 93.79283820843598 1024.5730446917728 93.79283820843598 1024.5730446917728 
D C 241.56432355131628 275.29983443861215 241.56432355131628 275.29983443861215 93.75376871182041 1024.1462578083967 93.75376871182041 1024.1462578083967 
D C 240.9354495107039 274.5831353966423 240.9354495107039 274.5831353966423 93.36958532843401 1019.9495201218641 93.36958532843401 1019.9495201218641 
D C 240.2605602963882 273.8139949613576 240.2605602963882 273.8139949613576 93.83190770505153 1024.9998315751488 93.83190770505153 1024.9998315751488 
D C 240.22988351391933 273.77903403248104 240.22988351391933 273.77903403248104 93.8905119499749 1025.6400119002135 93.8905119499749 1025.6400119002135 
D C 240.69003525095277 274.3034479656297 240.69003525095277 274.3034479656297 93.82539612228229 1024.9287004279197 93.82539612228229 1024.9287004279197 
